step		t		temp		ekin		epot		etot
1		0.0		152.21280521004786		12507.326204109633		-24147.30883481702		-11639.982630707387
2		0.01		149.8810559846718		12315.726370260483		-24526.712402208057		-12210.986031947574
3		0.02		144.6480148900791		11885.7273835178		-25400.311227904214		-13514.583844386414
4		0.03		137.81199404079646		11324.011550332247		-26547.950467960778		-15223.938917628531
5		0.04		131.5676821596362		10810.916443057307		-27594.068609787693		-16783.152166730386
6		0.05		127.79331638029228		10500.776806968617		-28223.465104247614		-17722.688297278997
7		0.06		127.38187716441682		10466.96884660013		-28291.50932350157		-17824.540476901442
8		0.07		130.2750007422098		10704.696810987381		-27808.882246587742		-17104.18543560036
9		0.08		135.62008431701744		11143.902328329325		-26916.906163173408		-15773.003834844083
10		0.09		142.0072172745117		11668.733043446626		-25853.139105291186		-14184.40606184456
11		0.1		147.99772660497032		12160.973195130411		-24860.490981870862		-12699.51778674045
12		0.11		152.65395237500996		12543.575266654569		-24093.587762478746		-11550.012495824178
13		0.12		155.61050747422644		12786.515399157186		-23607.869330995487		-10821.353931838301
14		0.13		156.75518999367407		12880.573961780197		-23419.240267935584		-10538.666306155386
15		0.14		156.0287897987619		12820.885657764265		-23539.578807129867		-10718.693149365601
16		0.15		153.55671367837314		12617.755162951922		-23950.86048757304		-11333.10532462112
17		0.16		149.84633436891392		12312.873295093656		-24570.02661157695		-12257.153316483293
18		0.17		145.79784923277512		11980.209271457132		-25246.68536205548		-13266.476090598348
19		0.18		142.42998904771605		11703.472200050828		-25807.020935531807		-14103.54873548098
20		0.19		140.31681452453108		11529.832649480719		-26150.457923826896		-14620.625274346177
21		0.2		139.13745140326597		11432.924381806364		-26332.490067399103		-14899.56568559274
22		0.21		137.94583152529148		11335.0089764332		-26519.35293549851		-15184.34395906531
23		0.22		136.0514148933386		11179.344761785633		-26832.44707844328		-15653.102316657649
24		0.23		133.6680891962236		10983.506889253693		-27234.085738520233		-16250.57884926654
25		0.24		131.6923232198008		10821.158198971032		-27565.78508057545		-16744.626881604418
26		0.25		130.8132182086427		10748.92214020417		-27706.743180242545		-16957.821040038376
27		0.26		130.9239080911112		10758.017527846609		-27679.964619444883		-16921.947091598275
28		0.27		131.49906196959444		10805.277922041574		-27582.356598144077		-16777.0786761025
29		0.28		132.42316203798532		10881.211224661254		-27437.778190455625		-16556.566965794373
30		0.29		134.40968648986203		11044.443938871962		-27125.589357729787		-16081.145418857825
31		0.3		138.63364622633975		11391.526710418337		-26439.74683167194		-15048.220121253602
32		0.31		145.61541830869328		11965.218922425327		-25281.389966069997		-13316.17104364467
33		0.32		154.24480448201888		12674.29558428749		-23837.737527308414		-11163.441943020924
34		0.33		162.18760869322207		13326.95580632206		-22510.644217868317		-9183.688411546258
35		0.34		167.3104713984833		13747.901434813371		-21660.066402189306		-7912.164967375935
36		0.35		168.58309509608085		13852.472924044965		-21452.80379743014		-7600.330873385175
37		0.36		166.03222460961996		13642.867896172473		-21879.617701027204		-8236.749804854731
38		0.37		160.3442141684345		13175.484078220263		-22824.163956586068		-9648.679878365805
39		0.38		152.55447546717278		12535.401249137587		-24116.827778977102		-11581.426529839515
40		0.39		144.04292113311035		11836.006829507678		-25533.950837993616		-13697.944008485938
41		0.4		136.65029037592967		11228.55436019014		-26769.84638062167		-15541.29202043153
42		0.41		132.3175031190974		10872.529231296234		-27494.507856136603		-16621.97862484037
43		0.42		132.16458470498014		10859.963925208218		-27514.872707070484		-16654.908781862265
44		0.43		135.75922723448193		11155.33570185738		-26904.009114514134		-15748.673412656753
45		0.44		141.27379784101305		11608.467968596042		-25972.843976542816		-14364.376007946774
46		0.45		146.39545757394478		12029.314748851044		-25112.347737170545		-13083.0329883195
47		0.46		149.33940973776333		12271.219298152013		-24622.299587841375		-12351.080289689362
48		0.47		149.4776984664614		12282.582482989132		-24606.396482449087		-12323.813999459955
49		0.48		147.40324427263616		12112.124581882514		-24962.381645094825		-12850.257063212312
50		0.49		144.48668292474719		11872.470735926476		-25457.11275067756		-13584.642014751083
51		0.5		142.12354112985093		11678.291374639852		-25852.245314031203		-14173.953939391351
52		0.51		140.942140255498		11581.21566479427		-26039.98193010216		-14458.76626530789
53		0.52		140.46492338879148		11542.002754856996		-26104.828369530347		-14562.825614673351
54		0.53		139.6003956995434		11470.964514631482		-26237.321943478677		-14766.357428847195
55		0.54		137.55735150354806		11303.087573046545		-26573.877002300687		-15270.789429254142
56		0.55		134.43923638389325		11046.872053664509		-27097.45498601323		-16050.58293234872
57		0.56		131.24671884131405		10784.542887190775		-27637.478557832597		-16852.935670641822
58		0.57		129.3116944199691		10625.54193048886		-27964.645440325		-17339.10350983614
59		0.58		129.46197166948514		10637.890212081593		-27938.605071937345		-17300.714859855754
60		0.59		131.66532962608943		10818.94013537577		-27570.61353112628		-16751.673395750513
61		0.6		135.3894531187816		11124.951362770285		-26952.584787177868		-15827.633424407582
62		0.61		139.9266513652594		11497.772942683365		-26198.001567886065		-14700.2286252027
63		0.62		144.29897896332267		11857.047101416225		-25467.26818160711		-13610.221080190884
64		0.63		147.34132664264536		12107.03681022617		-24959.152447685192		-12852.115637459023
65		0.64		148.29133610026474		12185.099087358754		-24805.295708759768		-12620.196621401014
66		0.65		147.28927575800657		12102.7597890354		-24980.079392185286		-12877.319603149885
67		0.66		145.18977501277624		11930.243812799825		-25334.852347721462		-13404.608534921637
68		0.67		142.92764805667227		11744.364840816761		-25712.275171523936		-13967.910330707175
69		0.68		141.1809392918212		11600.837781608949		-26004.578084704706		-14403.740303095758
70		0.69		140.53075590770692		11547.412212936277		-26117.797705553603		-14570.385492617326
71		0.7		141.49246651692224		11626.435973695501		-25960.983584333197		-14334.547610637695
72		0.71		144.06016858226178		11837.42405240445		-25529.80444749612		-13692.38039509167
73		0.72		147.35373171059072		12108.05613465924		-24972.990687038684		-12864.934552379444
74		0.73		149.9705622764818		12323.081102258508		-24530.52509295557		-12207.443990697062
75		0.74		150.80011447192763		12391.245406158294		-24391.988377980215		-12000.742971821921
76		0.75		149.67630274983324		12298.901796953798		-24585.843220863473		-12286.941423909675
77		0.76		147.499754863197		12120.054857108898		-24959.35532461852		-12839.30046750962
78		0.77		145.81985844423616		11982.017768362886		-25250.698859609736		-13268.68109124685
79		0.78		146.13151153321428		12007.626302684217		-25206.694201521364		-13199.067898837147
80		0.79		149.0878298175404		12250.546976107296		-24712.29651194086		-12461.749535833562
81		0.8		153.89692918727303		12645.710671318226		-23900.703298377415		-11254.99262705919
82		0.81		158.6544047932333		13036.632441859982		-23099.978228471824		-10063.345786611842
83		0.82		161.54124661800597		13273.84423460155		-22617.05944092691		-9343.21520632536
84		0.83		161.6221974408854		13280.495963717553		-22603.882828966627		-9323.386865249075
85		0.84		158.863094121994		13053.78044400425		-23064.14658973464		-10010.36614573039
86		0.85		153.91695105973147		12647.355868578135		-23887.914977488683		-11240.559108910547
87		0.86		147.8017874740279		12144.872876740872		-24902.56870850006		-12757.695831759189
88		0.87		141.47150953646025		11624.71393861094		-25949.67906523306		-14324.96512662212
89		0.88		135.6658176356359		11147.660235120202		-26910.651366117418		-15762.991130997216
90		0.89		131.069908366007		10770.014370434797		-27672.818547834584		-16902.804177399787
91		0.9		128.27998174521056		10540.766100003952		-28133.279986575217		-17592.513886571265
92		0.91		127.47018577874806		10474.225165439728		-28261.939821575877		-17787.71465613615
93		0.92		128.29794756935084		10542.242351773559		-28119.846321666788		-17577.60396989323
94		0.93		130.1913488197902		10697.82313252216		-27802.266278437182		-17104.443145915022
95		0.94		132.45411158853594		10883.754349229997		-27420.954981429484		-16537.200632199485
96		0.95		134.17917432191825		11025.502754032022		-27128.928123566184		-16103.425369534161
97		0.96		134.5878365052906		11059.08252563973		-27062.32500871195		-16003.24248307222
98		0.97		133.6296140581891		10980.3453871614		-27230.313090965774		-16249.967703804374
99		0.98		132.07683154463083		10852.753248022316		-27499.529802990688		-16646.77655496837
100		0.99		131.03931237518842		10767.500297869232		-27681.299410909218		-16913.799113039986
101		1.0		131.41730397919395		10798.559867970367		-27624.716885488393		-16826.157017518024
102		1.01		133.61437389332187		10979.093102814259		-27263.62024034167		-16284.52713752741
103		1.02		137.52688254404836		11300.583938644453		-26616.71724859353		-15316.133309949077
104		1.03		142.68525852950756		11724.447693369637		-25762.756103733176		-14038.30841036354
105		1.04		148.41167813127885		12194.987592047184		-24814.223628118387		-12619.236036071203
106		1.05		153.94980367533023		12650.055368001886		-23896.724787292227		-11246.669419290341
107		1.06		158.6045428281091		13032.535284185724		-23126.3451539123		-10093.809869726578
108		1.07		161.8943302865892		13302.857119649034		-22583.181263944418		-9280.324144295384
109		1.08		163.61471948422096		13444.221500018435		-22299.984135150713		-8855.762635132278
110		1.09		163.7516093196968		13455.469737799485		-22277.194241258563		-8821.724503459078
111		1.1		162.3131351761908		13337.270317427598		-22512.27917355732		-9175.008856129722
112		1.11		159.27580584277908		13087.692966101156		-23012.365164410036		-9924.67219830888
113		1.12		154.8689028668701		12725.577748570715		-23745.018912520776		-11019.441163950061
114		1.13		149.9480437122931		12321.230751839124		-24568.1364570141		-12246.905705174977
115		1.14		145.84814521114768		11984.342092000006		-25253.58657511992		-13269.244483119914
116		1.15		143.65504364076077		11804.134935961312		-25614.933176834016		-13810.798240872704
117		1.16		143.53786494354128		11794.506362410786		-25625.17972187378		-13830.673359462995
118		1.17		144.76753084434634		11895.548009479939		-25411.34440074534		-13515.796391265401
119		1.18		146.2705973665178		12019.054985606768		-25154.413165722293		-13135.358180115525
120		1.19		147.0988619272001		12087.11348455803		-25011.664386930926		-12924.550902372896
121		1.2		146.65095748131785		12050.309176239887		-25083.12786907353		-13032.818692833644
122		1.21		144.7678354045843		11895.573035194693		-25394.08020890651		-13498.507173711818
123		1.22		141.6426114355728		11638.773381661018		-25910.15269367092		-14271.379312009902
124		1.23		137.61461853668993		11307.79320515981		-26575.51244754241		-15267.719242382598
125		1.24		133.13882159955295		10940.016970835266		-27318.073666919776		-16378.05669608451
126		1.25		128.93499046334233		10594.58816637284		-28019.48484646018		-17424.89668008734
127		1.26		125.94947671768378		10349.268501892077		-28519.52831236212		-18170.259810470045
128		1.27		125.00626583385865		10271.764863568165		-28679.067062981594		-18407.30219941343
129		1.28		126.50242935143855		10394.704619807706		-28433.10212211846		-18038.397502310756
130		1.29		130.3467799157362		10710.594905676044		-27796.30218391043		-17085.707278234386
131		1.3		135.90163317803206		11167.037198238893		-26871.591009325908		-15704.553811087015
132		1.31		141.89389840412164		11659.421631866677		-25870.12905414637		-14210.707422279695
133		1.32		146.6307953897775		12048.652457178017		-25076.560102800027		-13027.90764562201
134		1.33		148.57070304044066		12208.05466883301		-24750.427399402117		-12542.372730569106
135		1.34		146.91224679059562		12071.779318783243		-25026.836925943808		-12955.057607160565
136		1.35		141.9425044345275		11663.415589385126		-25858.68525596666		-14195.269666581533
137		1.36		135.03538559672856		11095.857634483185		-27015.569274056696		-15919.71163957351
138		1.37		128.21607788860172		10535.515120106404		-28156.195545556242		-17620.68042544984
139		1.38		123.40505639741791		10140.19348417583		-28957.501365234206		-18817.307881058376
140		1.39		121.73260595497665		10002.768231320431		-29231.326310779295		-19228.558079458864
141		1.4		123.26115305895183		10128.368946854072		-28969.870454423984		-18841.501507569912
142		1.41		127.15880382628866		10448.63891040614		-28315.426811431847		-17866.78790102571
143		1.42		132.17976056688437		10861.210925780888		-27478.48985664718		-16617.27893086629
144		1.43		137.1744754819627		11271.626650352875		-26649.982284936206		-15378.355634583331
145		1.44		141.338932713333		11613.820101054574		-25961.36359307724		-14347.543492022665
146		1.45		144.26734602662992		11854.44782300818		-25480.93792396668		-13626.490100958501
147		1.46		146.0812274233593		12003.494457377436		-25190.474962334363		-13186.980504956928
148		1.47		147.44962027420104		12115.9352979311		-24974.57685399738		-12858.641556066279
149		1.48		149.10470395746668		12251.933524185037		-24704.99802231101		-12453.064498125974
150		1.49		151.22864505366965		12426.457764060035		-24351.358190966614		-11924.900426906579
151		1.5		153.3745576792019		12602.78740450002		-23991.058144887214		-11388.270740387194
152		1.51		154.81173873633978		12720.88057196504		-23748.1302943719		-11027.249722406857
153		1.52		154.95392808279738		12732.56427056346		-23723.621372583813		-10991.057102020353
154		1.53		153.77100924253898		12635.363829459428		-23924.345223474647		-11288.98139401522
155		1.54		151.8712378753054		12479.259616213847		-24243.655582598785		-11764.395966384938
156		1.55		149.92209587831377		12319.098618321043		-24561.95175542638		-12242.853137105338
157		1.56		147.9289621337634		12155.322818531338		-24880.91006071848		-12725.587242187143
158		1.57		145.46549923184054		11952.900071880338		-25285.909860632746		-13333.009788752408
159		1.58		142.79217219128822		11733.232788958152		-25741.71050304998		-14008.477714091829
160		1.59		141.36207661087684		11615.72183511575		-25996.73035857487		-14381.00852345912
161		1.6		142.7840512589915		11732.565491951333		-25766.123245193183		-14033.55775324185
162		1.61		147.25660340705585		12100.07510195778		-25013.933131677088		-12913.858029719308
163		1.62		153.28723773994813		12595.612325091537		-24001.438637633375		-11405.826312541838
164		1.63		158.88630489993113		13055.68767362734		-23068.969994208437		-10013.282320581096
165		1.64		162.6973735662596		13368.843185939553		-22438.79983545781		-9069.956649518255
166		1.65		164.11771642683516		13485.552758793045		-22204.39243665317		-8718.839677860124
167		1.66		162.92808151069764		13387.800457734025		-22400.332456591816		-9012.53199885779
168		1.67		159.11028247922084		13074.091911317577		-23029.62429211951		-9955.532380801935
169		1.68		152.81622499252228		12556.909207635556		-24066.67065135207		-11509.761443716514
170		1.69		144.3909843603927		11864.60718489347		-25457.83386118398		-13593.22667629051
171		1.7		134.63944394179163		11063.323108697017		-27075.3696633001		-16012.046554603081
172		1.71		125.11233552776841		10280.48061031673		-28661.69480088279		-18381.21419056606
173		1.72		117.82258117939749		9681.481495511092		-29876.194121595458		-20194.712626084365
174		1.73		114.4515982527075		9404.487828424975		-30437.126835313233		-21032.639006888257
175		1.74		115.82166275873705		9517.066028885423		-30210.79259631453		-20693.72656742911
176		1.75		121.78288115641725		10006.899344622805		-29217.820268377265		-19210.92092375446
177		1.76		130.92814551354118		10758.365716847678		-27686.821153698096		-16928.455436850418
178		1.77		140.62062613816434		11554.796849772963		-26064.349739667417		-14509.552889894454
179		1.78		148.08066512130526		12167.788253017654		-24821.301283903107		-12653.513030885453
180		1.79		151.62615493339376		12459.121150876967		-24237.539058115828		-11778.417907238862
181		1.8		151.1346342582557		12418.73289700087		-24331.411439716725		-11912.678542715856
182		1.81		147.89428034678528		12152.473016095348		-24886.454546898996		-12733.981530803649
183		1.82		144.06285463286721		11837.6447651827		-25538.593549317062		-13700.948784134362
184		1.83		141.72856094258196		11645.83585265196		-25932.3927427426		-14286.556890090638
185		1.84		141.81428062900258		11652.879439285141		-25908.294185315644		-14255.414746030503
186		1.85		143.49226495891895		11790.75941167437		-25609.231295235826		-13818.471883561457
187		1.86		144.8630367579018		11903.39573039679		-25368.759658308594		-13465.363927911803
188		1.87		144.6612566622322		11886.81545993562		-25408.74536835874		-13521.92990842312
189		1.88		143.29154682957954		11774.266402986552		-25651.06900499361		-13876.802602007057
190		1.89		142.0113673629557		11669.074056214069		-25870.488018401764		-14201.413962187695
191		1.9		141.5637253028618		11632.291308136155		-25944.601810124073		-14312.310501987919
192		1.91		141.967850991838		11665.498315999328		-25877.15556645293		-14211.657250453602
193		1.92		142.96888913050765		11747.753619853815		-25709.66887440772		-13961.915254553904
194		1.93		144.1066414403611		11841.242727154473		-25514.203705609514		-13672.960978455041
195		1.94		144.5315819461241		11876.160088513017		-25430.989859902907		-13554.82977138989
196		1.95		143.15525860658377		11763.067599702988		-25647.158635357817		-13884.091035654828
197		1.96		139.43481926823847		11457.359099271154		-26266.247253158675		-14808.888153887521
198		1.97		134.5292050985719		11054.264782949653		-27105.737612857534		-16051.472829907882
199		1.98		131.56844069418474		10810.97877184116		-27627.545755022595		-16816.566983181434
200		1.99		133.4974045193855		10969.481729357907		-27308.75529164875		-16339.273562290844
201		2.0		140.30323017664648		11528.716423615042		-26161.131586087147		-14632.415162472105
202		2.01		149.48584188491137		12283.251627683167		-24627.153558736176		-12343.90193105301
203		2.02		158.3925393530316		13015.114958638605		-23148.1415611562		-10133.026602517595
204		2.03		165.1158136765626		13567.566409803148		-22032.4004026584		-8464.833992855252
205		2.04		168.30877844537898		13829.93232485679		-21499.750973444407		-7669.818648587616
206		2.05		167.0859257950445		13729.450522578805		-21697.428224157084		-7967.977701578278
207		2.06		161.20140541355872		13245.91948283212		-22670.311547323778		-9424.392064491658
208		2.07		151.45350435582856		12444.934452918433		-24293.62436054646		-11848.689907628026
209		2.08		140.08420890381907		11510.719445626813		-26196.843696968877		-14686.124251342064
210		2.09		130.30623361227916		10707.263215920979		-27830.13438092192		-17122.871165000943
211		2.1		124.50974081802136		10230.965403016815		-28783.23402734525		-18552.268624328433
212		2.11		122.95161056378814		10102.933840026471		-29025.204069910833		-18922.27022988436
213		2.12		124.45281154289563		10226.287524479734		-28765.308250402533		-18539.020725922797
214		2.13		127.69843993176367		10492.98080919302		-28223.888761283255		-17730.907952090234
215		2.14		131.79465335794808		10829.566666422594		-27547.13334167101		-16717.566675248418
216		2.15		136.26110563089458		11196.575049690608		-26811.16530527482		-15614.590255584211
217		2.16		140.78120905107735		11567.991947727027		-26064.460711623644		-14496.468763896617
218		2.17		144.92332436563223		11908.349563124		-25377.746607830624		-13469.397044706624
219		2.18		148.12517401600923		12171.445548895477		-24846.862636552843		-12675.417087657366
220		2.19		149.94918782319343		12321.324763431803		-24545.97844443155		-12224.653680999745
221		2.2		150.29518761646494		12349.755566444925		-24491.679584762656		-12141.924018317732
222		2.21		149.44826404887414		12280.163856895988		-24636.7480877225		-12356.584230826511
223		2.22		148.0231498566874		12163.062223724006		-24878.501655559994		-12715.439431835988
224		2.23		146.80476543759244		12062.94757600697		-25086.254972025476		-13023.307396018505
225		2.24		146.55417740794692		12042.356757610998		-25133.114512551583		-13090.757754940585
226		2.25		147.77043060162237		12142.29628253531		-24933.062907454703		-12790.766624919394
227		2.26		150.35770010297165		12354.89221746118		-24499.539276207848		-12144.647058746668
228		2.27		153.48145094401292		12611.570824069542		-23973.240452601276		-11361.669628531734
229		2.28		155.90416315154837		12810.64508616273		-23564.688303376108		-10754.043217213377
230		2.29		156.61475495373793		12869.034414548645		-23444.758173926366		-10575.72375937772
231		2.3		155.26198316441346		12757.877156619854		-23670.281021911043		-10912.40386529119
232		2.31		152.1251551432949		12500.123998124542		-24191.446380204376		-11691.322382079834
233		2.32		147.79903093812425		12144.646372185669		-24907.56461206965		-12762.918239883982
234		2.33		142.9236356835842		11744.035144120113		-25713.33578150662		-13969.300637386506
235		2.34		138.1486018192994		11351.67061149183		-26504.631207096325		-15152.960595604494
236		2.35		134.30057634904313		11035.478358600874		-27147.186980914874		-16111.708622314
237		2.36		132.39701875591035		10879.063031173153		-27467.67891451655		-16588.615883343395
238		2.37		133.06811311810006		10934.206854914282		-27351.568671551377		-16417.361816637094
239		2.38		135.70400318237418		11150.797941495686		-26896.76714846674		-15745.969206971055
240		2.39		138.33162980861474		11366.710021373874		-26438.52250583398		-15071.812484460104
241		2.4		138.61646089988471		11390.114592143527		-26377.443669661763		-14987.329077518236
242		2.41		135.38660162676626		11124.717055671385		-26918.45268162322		-15793.735625951836
243		2.42		129.6681151924252		10654.82902536158		-27889.759754162784		-17234.930728801206
244		2.43		124.29081695259782		10212.976428994963		-28803.96592962326		-18590.989500628297
245		2.44		121.9648222590116		10021.849445022983		-29192.204243679993		-19170.354798657012
246		2.45		123.40201766770927		10139.943791755672		-28939.893175949524		-18799.949384193853
247		2.46		127.40046027729304		10468.495820985168		-28266.042132582603		-17797.546311597434
248		2.47		132.44446590185427		10882.961763155366		-27431.55649514686		-16548.594731991492
249		2.48		137.7631155146799		11319.995201841248		-26558.13559804767		-15238.140396206421
250		2.49		143.09960359509262		11758.494427408761		-25678.693075774263		-13920.198648365502
251		2.5		148.0171001791957		12162.56512172451		-24861.628716098592		-12699.063594374082
252		2.51		151.61891182209536		12458.525984421576		-24258.70061768495		-11800.174633263374
253		2.52		152.9114440050812		12564.733353897522		-24041.489626430503		-11476.75627253298
254		2.53		151.47345490277112		12446.573789360704		-24283.63331148013		-11837.059522119427
255		2.54		147.8037606165122		12145.035009858806		-24899.062117053403		-12754.027107194597
256		2.55		143.0051501872261		11750.733190884368		-25698.741758447948		-13948.00856756358
257		2.56		138.17291437836928		11353.668374470604		-26500.01851898225		-15146.350144511647
258		2.57		134.1309934502685		11021.543731808562		-27170.642401069646		-16149.098669261084
259		2.58		131.57811513532118		10811.773720669342		-27596.942689217507		-16785.168968548165
260		2.59		131.12866971321563		10774.84279033493		-27673.997631195638		-16899.15484086071
261		2.6		133.0229899244444		10930.499082091597		-27358.955104855206		-16428.45602276361
262		2.61		136.9095890146552		11249.86092933422		-26712.861187694656		-15463.000258360436
263		2.62		142.09299785361307		11675.781633631386		-25855.32504113923		-14179.543407507843
264		2.63		147.84641064541734		12148.539562733942		-24901.178312676566		-12752.638749942624
265		2.64		153.0957288078983		12579.876036145002		-24020.56565231517		-11440.689616170168
266		2.65		156.15499669921994		12831.256078774903		-23502.388341317812		-10671.13226254291
267		2.66		155.669999332623		12791.403845161632		-23585.10939162211		-10793.705546460478
268		2.67		151.83949265441652		12476.651111413405		-24234.714585377864		-11758.06347396446
269		2.68		146.41043609749426		12030.545534131103		-25152.61449621878		-13122.068962087676
270		2.69		141.73469022342715		11646.33949565901		-25942.713254163315		-14296.373758504305
271		2.7		139.77409723042322		11485.237569423876		-26273.449115825166		-14788.21154640129
272		2.71		141.22802035762672		11604.706432786188		-26023.30904458187		-14418.602611795683
273		2.72		145.07318652637792		11920.663736872473		-25366.484790129758		-13445.821053257285
274		2.73		149.10344033982614		12251.829692723513		-24680.0431396581		-12428.213446934587
275		2.74		151.16872570191327		12421.534190926215		-24328.340478861905		-11906.80628793569
276		2.75		150.20882556881875		12342.659196989836		-24489.379621449283		-12146.720424459447
277		2.76		146.6294011522759		12048.537892682512		-25093.261470946363		-13044.72357826385
278		2.77		141.99446455312275		11667.685152330097		-25874.25385959977		-14206.568707269671
279		2.78		138.24422844037136		11359.528250945314		-26505.27361900305		-15145.745368057735
280		2.79		136.91903202592843		11250.63686157054		-26729.474353762507		-15478.837492191968
281		2.8		138.70726019843758		11397.575570505616		-26431.61418129674		-15034.038610791124
282		2.81		143.22049688203862		11768.428228797113		-25675.031783000934		-13906.60355420382
283		2.82		149.03120879631987		12245.894426793604		-24699.696969449866		-12453.802542656262
284		2.83		154.20658724367698		12671.155273812938		-23832.929395034724		-11161.774121221786
285		2.84		157.19491019501456		12916.705770724348		-23337.760118675502		-10421.054347951154
286		2.85		157.5379928329597		12944.8968710843		-23289.921394689765		-10345.024523605465
287		2.86		155.89635559915865		12810.003539582867		-23572.319306018482		-10762.315766435615
288		2.87		153.3559815952137		12601.261007678711		-23998.009283777305		-11396.748276098593
289		2.88		150.7233211948966		12384.935302584654		-24434.72971367524		-12049.794411090585
290		2.89		148.44345235149174		12197.598479722077		-24813.454383981312		-12615.855904259235
291		2.9		146.87254933305329		12068.517378696988		-25076.295698779668		-13007.77832008268
292		2.91		146.36919217987275		12027.156521420146		-25162.4508677454		-13135.294346325254
293		2.92		147.16412616691971		12092.476247135794		-25032.100157144905		-12939.623910009112
294		2.93		149.16173278476066		12256.619582923784		-24698.31481452757		-12441.695231603786
295		2.94		151.70000783023906		12465.189643410744		-24267.741667614984		-11802.55202420424
296		2.95		153.4446914057678		12608.55029281194		-23963.474774155413		-11354.924481343473
297		2.96		152.80955309796224		12556.360978059558		-24057.243322039605		-11500.882343980047
298		2.97		148.9308466660152		12237.64767054647		-24701.535644383945		-12463.887973837474
299		2.98		142.5247422098305		11711.258067381772		-25778.059830783528		-14066.801763401756
300		2.99		135.76414865369458		11155.740094874083		-26915.495931877278		-15759.755837003195
301		3.0		131.0575468425401		10768.998624051519		-27702.491054500366		-16933.492430448845
302		3.01		129.6950244081771		10657.040155619912		-27922.35599072922		-17265.315835109308
303		3.02		131.36613765097883		10794.355530780931		-27632.425457229296		-16838.069926448363
304		3.03		134.67278055897384		11066.062378530882		-27073.49646841335		-16007.434089882467
305		3.04		138.08073501069282		11346.093995828629		-26504.6223960974		-15158.52840026877
306		3.05		140.57178014040983		11550.783174137476		-26092.153694050856		-14541.37051991338
307		3.06		141.66769703848425		11640.834665652252		-25909.926782038394		-14269.092116386142
308		3.07		141.1253274653346		11596.268157826544		-25996.00765106132		-14399.739493234778
309		3.08		138.8372958416308		11408.260599306803		-26372.50639779816		-14964.245798491356
310		3.09		135.19586871645612		11109.044532431199		-26982.115071026037		-15873.070538594839
311		3.1		131.56584364139317		10810.765372013277		-27599.770178015053		-16789.004806001776
312		3.11		130.0430541535678		10685.637759798665		-27866.119724465556		-17180.48196466689
313		3.12		132.16940061063121		10860.359648175567		-27511.76252194457		-16651.402873769002
314		3.13		137.67713134211738		11312.929882381786		-26583.788513755844		-15270.858631374058
315		3.14		144.65442454145494		11886.254064571353		-25412.576756352264		-13526.322691780912
316		3.15		150.76029541338124		12387.973474117536		-24391.130914462683		-12003.157440345147
317		3.16		154.10579380223223		12662.873076729422		-23831.22413078754		-11168.35105405812
318		3.17		153.6146200972018		12622.513333387073		-23912.508087874146		-11289.994754487074
319		3.18		149.31310409559333		12269.057763534905		-24632.176794281568		-12363.119030746662
320		3.19		142.45622758005896		11705.628220253446		-25781.8548730984		-14076.226652844955
321		3.2		135.26698355534484		11114.888038742685		-26989.378077213358		-15874.490038470673
322		3.21		130.18292213870575		10697.130712137452		-27841.29684369068		-17144.16613155323
323		3.22		128.6835013730632		10573.923307824603		-28083.24294029057		-17509.319632465966
324		3.23		130.41836243096256		10716.476840952193		-27776.660117464246		-17060.183276512053
325		3.24		133.58064691215773		10976.321756772002		-27236.027457976157		-16259.705701204155
326		3.25		136.35233940110322		11204.071728588653		-26774.433035829552		-15570.361307240899
327		3.26		138.1074089815938		11348.285796017564		-26493.443648878805		-15145.15785286124
328		3.27		139.33489923295332		11449.148669971775		-26298.292858190434		-14849.14418821866
329		3.28		140.5503464990161		11549.021971824151		-26095.3089381578		-14546.286966333648
330		3.29		141.6122612741333		11636.279508895532		-25915.700599806158		-14279.421090910626
331		3.3		142.20162648096644		11684.707647941013		-25820.39298592256		-14135.685337981547
332		3.31		142.4259993521206		11703.14436676375		-25788.182886935632		-14085.038520171882
333		3.32		142.65503156166793		11721.963943422254		-25753.03545714154		-14031.071513719287
334		3.33		143.13185339059822		11761.144393105456		-25674.787220986942		-13913.642827881486
335		3.34		143.88010982702542		11822.628624486679		-25549.448124702223		-13726.819500215544
336		3.35		144.72107536826968		11891.730763010719		-25407.257171542133		-13515.526408531414
337		3.36		145.42381701312226		11949.475043968258		-25291.899008438904		-13342.423964470647
338		3.37		146.09665222577803		12004.761913392182		-25187.83802000126		-13183.07610660908
339		3.38		147.2442712537722		12099.061768922464		-25003.4822630125		-12904.420494090038
340		3.39		149.12847280285777		12253.886610210822		-24688.960044654374		-12435.073434443551
341		3.4		151.2764169049136		12430.38317707675		-24326.34732795517		-11895.964150878419
342		3.41		152.78577934488354		12554.40748876908		-24070.782344698815		-11516.374855929735
343		3.42		152.90175121471876		12563.93689731344		-24048.567771341473		-11484.630874028033
344		3.43		151.27961664033916		12430.646099336669		-24315.536120822057		-11884.890021485387
345		3.44		147.99212998329884		12160.513320727667		-24860.75017389803		-12700.236853170365
346		3.45		143.6080105234743		11800.270224713882		-25593.09122104896		-13792.820996335076
347		3.46		139.28155772176967		11444.765597997815		-26319.73091086789		-14874.965312870074
348		3.47		136.41031270845875		11208.835395254056		-26801.288943141004		-15592.453547886947
349		3.48		135.82887973737687		11161.059048020257		-26892.970216136226		-15731.911168115968
350		3.49		137.2092095580416		11274.480749384278		-26651.55167472807		-15377.070925343793
351		3.5		139.30816399761977		11446.951835684416		-26292.41830965411		-14845.466473969693
352		3.51		140.8662770476014		11574.981985001406		-26030.423760898182		-14455.441775896776
353		3.52		141.28622336723578		11609.488974085765		-25962.028891046342		-14352.539916960577
354		3.53		140.59496535520748		11552.688303237399		-26077.945997741885		-14525.257694504486
355		3.54		139.1171090557166		11431.252851108235		-26325.47376883485		-14894.220917726616
356		3.55		137.4477334954018		11294.080261317165		-26609.42591315759		-15315.345651840424
357		3.56		136.46510682316577		11213.33782765953		-26778.677519963832		-15565.339692304302
358		3.57		136.76108744664677		11237.658555490965		-26727.07718112419		-15489.418625633225
359		3.58		138.06671422549675		11344.94190790907		-26504.5108256774		-15159.56891776833
360		3.59		139.6518046898827		11475.188791367662		-26240.72288567674		-14765.534094309078
361		3.6		141.06335461939545		11591.175849075726		-26009.46420544017		-14418.288356364445
362		3.61		142.19441198197643		11684.114832559004		-25823.395383380248		-14139.280550821244
363		3.62		142.97657360597694		11748.385053203125		-25693.922041321013		-13945.536988117889
364		3.63		143.3560276141252		11779.564789052667		-25633.23752940198		-13853.672740349313
365		3.64		143.5028520487301		11791.629352844153		-25614.078066702845		-13822.448713858692
366		3.65		143.8167373524942		11817.421308254448		-25566.224243449997		-13748.802935195548
367		3.66		144.57876193459688		11880.036868165826		-25439.626537244385		-13559.58966907856
368		3.67		145.70233316989538		11972.360716570303		-25252.388498502183		-13280.02778193188
369		3.68		146.98646280341637		12077.877648556723		-25041.54178108344		-12963.664132526717
370		3.69		148.36211734196115		12190.915181988948		-24813.923298556827		-12623.008116567878
371		3.7		149.60037036994837		12292.662433298658		-24602.477996028643		-12309.815562729986
372		3.71		150.01903467161821		12327.064078966869		-24523.98747507817		-12196.923396111302
373		3.72		148.8315231511972		12229.486257333872		-24715.976449341142		-12486.49019200727
374		3.73		145.79834142754828		11980.249715101643		-25221.00192432451		-13240.752209222868
375		3.74		141.5306163622986		11629.570746490075		-25936.223682279047		-14306.652935788972
376		3.75		137.31405096090927		11283.095567457915		-26645.383871455084		-15362.28830399717
377		3.76		134.65965291924593		11064.983680374438		-27094.34891573622		-16029.365235361782
378		3.77		134.73493742120056		11071.169807900049		-27084.692664318685		-16013.522856418636
379		3.78		137.75333135707368		11319.191237610745		-26576.426276208662		-15257.235038597917
380		3.79		142.59436427764314		11716.978912693938		-25756.925421527565		-14039.946508833627
381		3.8		147.15323760538516		12091.5815340345		-24985.6929214182		-12894.111387383698
382		3.81		149.4892308904865		12283.530102271277		-24595.027034410727		-12311.49693213945
383		3.82		148.96262554380908		12240.258940934793		-24692.76810170834		-12452.509160773549
384		3.83		146.53887497150004		12041.099356408158		-25113.794787478015		-13072.695431069857
385		3.84		144.22407844130916		11850.892525522373		-25516.503721184745		-13665.611195662372
386		3.85		143.94285168202745		11827.784122712195		-25570.339724319987		-13742.555601607792
387		3.86		146.3073855997157		12022.07787472864		-25168.290249721456		-13146.212374992816
388		3.87		150.1343932069846		12336.543089817926		-24514.969869717897		-12178.426779899972
389		3.88		153.28711686776026		12595.60239302386		-23979.653981915777		-11384.051588891916
390		3.89		154.16020440326517		12667.3439958163		-23835.39689289758		-11168.052897081281
391		3.9		152.53077098119425		12533.453451524732		-24115.162180301097		-11581.708728776364
392		3.91		149.3593651863193		12272.859037359858		-24652.413306931765		-12379.554269571907
393		3.92		146.07955908734695		12003.357370207299		-25205.09438033576		-13201.73701012846
394		3.93		143.9635275784245		11829.483061119143		-25560.175575283734		-13730.692514164592
395		3.94		143.67028271746415		11805.387130894029		-25605.580586989563		-13800.193456095534
396		3.95		144.9278335436354		11908.72008228052		-25386.76262720245		-13478.04254492193
397		3.96		146.64948645975593		12050.188302398146		-25090.71989908226		-13040.531596684115
398		3.97		147.61041547867995		12129.147839883131		-24926.213079061577		-12797.065239178446
399		3.98		147.10039191549592		12087.2392036963		-25010.745202774047		-12923.505999077748
400		3.99		145.10817889538782		11923.539059834018		-25344.94408484994		-13421.405025015922
401		4.0		142.25888776163265		11689.412807373355		-25825.518171506606		-14136.105364133251
402		4.01		139.69050878591318		11478.369106938486		-26262.141816788982		-14783.772709850497
403		4.02		138.68418256300737		11395.679281202316		-26436.58216442848		-15040.902883226165
404		4.03		139.9760942635106		11501.835665632665		-26220.224939607488		-14718.389273974823
405		4.04		143.1388597154054		11761.720102814863		-25683.166980617363		-13921.4468778025
406		4.05		146.6175621602284		12047.565082705969		-25090.61562088854		-13043.050538182571
407		4.06		148.56270449502475		12207.397428356184		-24758.59746255111		-12551.200034194928
408		4.07		147.86538540587185		12150.09871880049		-24874.306588126725		-12724.207869326236
409		4.08		144.63824318981702		11884.924442907264		-25415.799032583796		-13530.874589676532
410		4.09		139.999776159893		11503.781607058409		-26193.9220931625		-14690.14048610409
411		4.1		135.60819435473832		11142.925330128848		-26932.918896461706		-15789.993566332858
412		4.11		133.2474036435495		10948.939157390461		-27334.947062448613		-16386.00790505815
413		4.12		134.28278419635544		11034.016377414526		-27166.964152956207		-16132.947775541681
414		4.13		138.90101272034158		11413.496215230469		-26392.169060066055		-14978.672844835586
415		4.14		145.66861600047494		11969.590176759026		-25251.367160691167		-13281.77698393214
416		4.15		152.04474544927382		12493.51673356683		-24177.009005451222		-11683.492271884392
417		4.16		155.67355221015765		12791.695785108655		-23569.00914336893		-10777.313358260275
418		4.17		155.5093322070752		12778.20182745537		-23600.857983606253		-10822.656156150882
419		4.18		152.0262025186063		12491.99306095388		-24187.142431129236		-11695.149370175355
420		4.19		146.5975946861626		12045.924355361982		-25092.432191729786		-13046.507836367804
421		4.2		140.62025067744503		11554.765998165658		-26081.20116818288		-14526.435170017223
422		4.21		135.00894038227986		11093.684631211936		-27007.73698620726		-15914.052354995323
423		4.22		130.5348822295033		10726.051272798286		-27755.918787658615		-17029.86751486033
424		4.23		128.46111697002584		10555.649981427025		-28112.867852418873		-17557.217870991848
425		4.24		129.94987171257364		10677.980958622176		-27863.727420504038		-17185.746461881863
426		4.25		134.4028978006145		11043.886112276494		-27104.4291451562		-16060.543032879705
427		4.26		139.40778676006374		11455.137838074439		-26260.176231236368		-14805.038393161929
428		4.27		142.78744090199982		11732.844018917325		-25703.053198170892		-13970.209179253567
429		4.28		143.905147088452		11824.685936258102		-25528.72525138493		-13704.039315126829
430		4.29		143.21918636265067		11768.320543419006		-25651.406317601275		-13883.08577418227
431		4.3		141.4221371055969		11620.657005966897		-25952.370571589025		-14331.713565622127
432		4.31		138.9627467664152		11418.568901796338		-26357.61941978772		-14939.050517991382
433		4.32		136.0258435960247		11177.24356828535		-26842.03900493242		-15664.79543664707
434		4.33		132.94585426733377		10924.160845146816		-27357.211512921866		-16433.05066777505
435		4.34		130.64617406646363		10735.196123041316		-27749.496375893083		-17014.300252851768
436		4.35		130.4047125375807		10715.355229213008		-27797.391499133642		-17082.036269920634
437		4.36		132.93773879951834		10923.493997156424		-27375.400405512442		-16451.90640835602
438		4.37		137.78396819200933		11321.708666337407		-26564.355593941298		-15242.646927603892
439		4.38		143.64875786436622		11803.618433714972		-25586.433913565266		-13782.815479850295
440		4.39		149.17505202474044		12257.714024872921		-24669.174839632364		-12411.460814759443
441		4.4		153.4051635722569		12605.30229073235		-23969.828846246473		-11364.526555514123
442		4.41		155.83758398687573		12805.174276201578		-23569.29720705677		-10764.122930855192
443		4.42		156.32480064371927		12845.208868894413		-23490.83775282773		-10645.628883933317
444		4.43		154.97100979770929		12733.967875077771		-23715.49192755384		-10981.52405247607
445		4.44		151.97072637028046		12487.434585845946		-24208.14773466258		-11720.713148816634
446		4.45		147.41190956722525		12112.8366091389		-24954.833602536586		-12841.996993397686
447		4.46		141.38005176049708		11617.198853160045		-25948.69982925045		-14331.500976090405
448		4.47		134.54223958343397		11055.335826570768		-27088.82903092996		-16033.49320435919
449		4.48		128.69110926877022		10574.548448614849		-28076.221781884255		-17501.673333269406
450		4.49		126.11645439151432		10362.989057350733		-28509.667782721655		-18146.678725370923
451		4.5		127.694276072036		10492.638664839198		-28233.186565077227		-17740.54790023803
452		4.51		132.08051766302904		10853.056136371097		-27490.516687677144		-16637.460551306045
453		4.52		137.26789648357826		11279.303054055625		-26629.49160692138		-15350.188552865755
454		4.53		142.0955815980925		11675.99393991526		-25836.18414577589		-14160.190205860628
455		4.54		146.19068427277512		12012.48852669393		-25163.427583085588		-13150.939056391657
456		4.55		149.3640401166714		12273.243176386888		-24639.54128999921		-12366.298113612324
457		4.56		151.32699713768653		12434.539354803703		-24312.65194185801		-11878.112587054307
458		4.57		151.71342462988426		12466.29210183759		-24245.146592011482		-11778.854490173893
459		4.58		150.27868175404438		12348.399279729827		-24481.72800331604		-12133.328723586212
460		4.59		147.2692220800352		12101.111978316494		-24986.405031850092		-12885.293053533598
461		4.6		143.73697197920856		11810.866987531568		-25585.027138543363		-13774.160151011794
462		4.61		141.38398781285778		11617.522278582524		-25990.349960767493		-14372.827682184969
463		4.62		141.85352013787897		11656.103749729516		-25921.599668090486		-14265.49591836097
464		4.63		145.7486692634657		11976.168153378978		-25270.842978733042		-13294.674825354065
465		4.64		151.93551705705343		12484.541436578082		-24226.738833222895		-11742.197396644813
466		4.65		157.8155675734847		12967.705187513238		-23230.092468100065		-10262.387280586827
467		4.66		160.55734706899202		13192.997208659075		-22760.79057712227		-9567.793368463193
468		4.67		158.4892640476465		13023.062826795112		-23102.80026647216		-10079.737439677048
469		4.68		152.00356640736706		12490.133051693352		-24193.342014127327		-11703.208962433975
470		4.69		143.55745337069033		11796.115943469624		-25614.84327410607		-13818.727330636448
471		4.7		136.3242977701502		11201.767547773241		-26821.582817275812		-15619.815269502571
472		4.71		132.24437116169182		10866.519978356217		-27489.99867953094		-16623.478701174725
473		4.72		131.4899427503236		10804.528595794089		-27606.659368576602		-16802.13077278251
474		4.73		133.36738949705784		10958.798394973244		-27289.421220281656		-16330.622825308412
475		4.74		136.80279853440211		11241.085955571822		-26710.87062688731		-15469.784671315489
476		4.75		140.33245048467583		11531.117456325814		-26116.944092547223		-14585.826636221409
477		4.76		142.56661144435174		11714.698462382383		-25743.23564748561		-14028.537185103227
478		4.77		142.75898241207392		11730.505584800114		-25710.334504457824		-13979.82891965771
479		4.78		140.77069194138846		11567.127756823891		-26035.906055885356		-14468.778299061465
480		4.79		136.81960490554889		11242.466935088953		-26687.931752600576		-15445.464817511624
481		4.8		131.95095871009738		10842.410277208703		-27513.400532451615		-16670.990255242912
482		4.81		129.21472843609135		10617.574235593627		-28010.923237447434		-17393.349001853807
483		4.82		132.56531886003367		10892.892250728966		-27462.634180264686		-16569.741929535718
484		4.83		142.05907279928292		11672.994011917077		-25844.71956409256		-14171.725552175483
485		4.84		153.0742929465678		12578.114651419477		-23993.981249510147		-11415.86659809067
486		4.85		161.4182708282263		13263.739313955355		-22618.046722002826		-9354.30740804747
487		4.86		165.71955067579103		13617.17547902975		-21918.963909055918		-8301.788430026168
488		4.87		166.12305563637167		13650.33148164066		-21857.570740726733		-8207.239259086073
489		4.88		162.9546123202144		13389.98049435202		-22379.796975323465		-8989.816480971445
490		4.89		156.55679758628696		12864.272057665201		-23438.59190816735		-10574.319850502148
491		4.9		147.90670030750695		12153.493564267847		-24879.817098279804		-12726.323534011957
492		4.91		138.99417813848518		11421.151617639327		-26369.74865220498		-14948.597034565653
493		4.92		132.19963314128853		10862.843855219679		-27502.638821101897		-16639.794965882218
494		4.93		129.11212447651556		10609.143268235284		-28010.850916080355		-17401.70764784507
495		4.94		129.9310790444215		10676.436765080114		-27866.351154166892		-17189.914389086778
496		4.95		133.77380160993647		10992.19327828848		-27221.426640427908		-16229.233362139428
497		4.96		139.30064697095582		11446.33416160344		-26300.60331115424		-14854.269149550799
498		4.97		145.17657286938413		11929.158992677294		-25325.33620709928		-13396.177214421987
499		4.98		150.33452602714195		12352.988003650255		-24472.454850163187		-12119.466846512933
500		4.99		154.09582223518004		12662.053713064744		-23851.68608973422		-11189.632376669475
501		5.0		156.0411903002104		12821.904606968288		-23528.717215480207		-10706.812608511918
502		5.01		155.83165939878435		12804.68745279811		-23561.514114353915		-10756.826661555804
503		5.02		153.36230215336465		12601.780367941974		-23970.957349377706		-11369.176981435732
504		5.03		149.00095683873622		12243.408623438954		-24695.557542806884		-12452.14891936793
505		5.04		143.5344177834616		11794.22310926704		-25604.361280866888		-13810.138171599847
506		5.05		138.02288400576091		11341.340378753373		-26523.270102070714		-15181.92972331734
507		5.06		133.7097492746305		10986.930097896387		-27245.014311241568		-16258.08421334518
508		5.07		131.72547491107136		10823.882273442734		-27577.555283741018		-16753.673010298284
509		5.08		132.5999430366086		10895.73731931813		-27430.907265947633		-16535.169946629503
510		5.09		136.0265115552899		11177.29845449817		-26858.044306312844		-15680.745851814674
511		5.1		141.05339200971264		11590.357221438087		-26019.535661742728		-14429.17844030464
512		5.11		146.4609512908986		12034.696367573139		-25119.643796266777		-13084.947428693638
513		5.12		151.12539416037885		12417.97363815833		-24345.94789890407		-11927.97426074574
514		5.13		154.28013685245693		12677.198845166387		-23825.19486701714		-11147.996021850753
515		5.14		155.60530864797582		12786.088211604172		-23608.9829129056		-10822.89470130143
516		5.15		155.17223756156372		12750.502760433692		-23684.050948218424		-10933.548187784732
517		5.16		153.31971495912245		12598.280978191091		-23992.9702960853		-11394.689317894208
518		5.17		150.49771484209285		12366.39722857477		-24460.368357395226		-12093.971128820456
519		5.18		147.14718745000545		12091.084392766948		-25014.840640044113		-12923.756247277164
520		5.19		143.76441451909326		11813.121941033893		-25578.140905465636		-13765.018964431743
521		5.2		141.0731716355301		11591.982513291507		-26030.016895916695		-14438.034382625188
522		5.21		139.8380762397768		11490.49472462246		-26235.923716755402		-14745.428992132942
523		5.22		140.20875065142405		11520.953041027515		-26165.903023496205		-14644.94998246869
524		5.23		141.3913632592592		11618.128319013329		-25958.383016195126		-14340.254697181797
525		5.24		142.29634160673305		11692.490389825256		-25805.493482759808		-14113.003092934552
526		5.25		142.56201698359263		11714.320935541806		-25770.167469982334		-14055.846534440529
527		5.26		142.8630821427988		11739.059459673777		-25733.549398489886		-13994.489938816108
528		5.27		144.29145920348063		11856.429202750003		-25506.264166365334		-13649.83496361533
529		5.28		147.47753018303166		12118.228655139712		-24979.20829775666		-12860.979642616949
530		5.29		152.03680721468461		12492.864448830635		-24215.174955718736		-11722.310506888101
531		5.3		156.54755871592363		12863.512899687445		-23453.93981021434		-10590.426910526894
532		5.31		159.13108058308245		13075.800891511884		-23014.36714716554		-9938.566255653655
533		5.32		158.3716508076734		13013.398546866525		-23136.343232433715		-10122.94468556719
534		5.33		154.01357136178504		12655.295158797877		-23862.83817480002		-11207.543016002144
535		5.34		147.0957570962192		12086.85836059633		-25018.935197535935		-12932.076836939605
536		5.35		139.56403301156382		11467.9765925602		-26277.734035011126		-14809.757442450926
537		5.36		133.55132805709343		10973.912626451367		-27279.974237604943		-16306.061611153576
538		5.37		130.51027268173408		10724.029106258089		-27778.93953566103		-17054.91042940294
539		5.38		130.50180763502442		10723.333533369958		-27763.67539205509		-17040.341858685133
540		5.39		132.1631388449162		10859.845118886764		-27468.395389442176		-16608.55027055541
541		5.4		133.61464077887248		10979.115032799953		-27216.925412796616		-16237.810379996663
542		5.41		133.75955863768323		10991.022933258431		-27197.791574249026		-16206.768640990595
543		5.42		133.03914731403958		10931.826734794633		-27334.97972186073		-16403.152987066096
544		5.43		133.09824352757963		10936.68267066122		-27342.653012838342		-16405.970342177123
545		5.44		135.38112251323017		11124.266836912124		-26964.354807076492		-15840.087970164368
546		5.45		139.669077829144		11476.608125220762		-26239.909174501736		-14763.301049280974
547		5.46		144.35090353479583		11861.313743454173		-25456.64674649688		-13595.333003042708
548		5.47		148.0200554496599		12162.807956298555		-24851.34124001868		-12688.533283720124
549		5.48		150.14348072420492		12337.28981110792		-24503.468940632996		-12166.179129525077
550		5.49		150.64635668456702		12378.611128770874		-24422.12685313896		-12043.515724368088
551		5.5		149.67923717531022		12299.142918695241		-24587.309083311287		-12288.166164616046
552		5.51		147.86925578456322		12150.41674781756		-24897.15884173973		-12746.742093922168
553		5.52		146.28883562454618		12020.55362326896		-25166.47969423955		-13145.926070970592
554		5.53		145.75708827739462		11976.859943753516		-25253.21892961707		-13276.358985863553
555		5.54		146.22700271205164		12015.472812849284		-25166.615399973645		-13151.142587124361
556		5.55		146.84782395783049		12066.48569461493		-25051.83715069808		-12985.35145608315
557		5.56		146.46618355492245		12035.126302707979		-25104.9030186062		-13069.776715898222
558		5.57		144.26267730939074		11854.064194512637		-25466.742576777622		-13612.678382264985
559		5.58		140.28394239858468		11527.131546891704		-26130.544219850162		-14603.412672958459
560		5.59		135.47998610385778		11132.390458153994		-26933.508676017376		-15801.118217863383
561		5.6		131.16037570661257		10777.448071812356		-27653.70623285817		-16876.258161045815
562		5.61		128.43681792111087		10553.65332857768		-28108.945489201837		-17555.292160624158
563		5.62		128.14941955212112		10530.037804597792		-28163.499851464578		-17633.462046866785
564		5.63		130.93762072526692		10759.144294995183		-27708.598508561536		-16949.45421356635
565		5.64		136.9377967825336		11252.178761620788		-26715.57409888325		-15463.395337262464
566		5.65		145.31577578589022		11940.5972963266		-25320.120520395347		-13379.523224068747
567		5.66		154.17664976060004		12668.695310828505		-23838.382150423156		-11169.686839594651
568		5.67		161.01678665708693		13230.749359612833		-22690.268323687884		-9459.51896407505
569		5.68		163.52722366531458		13437.0319685789		-22264.169176609288		-8827.137208030388
570		5.69		160.44671045989958		13183.906198489949		-22774.076917747236		-9590.170719257287
571		5.7		152.19775926985898		12506.089879204312		-24153.208621005953		-11647.118741801642
572		5.71		141.0713653941405		11591.834094436526		-26019.73838727508		-14427.904292838553
573		5.72		130.63587274615415		10734.349663551488		-27771.10040914466		-17036.75074559317
574		5.73		124.26596486592182		10210.934333032796		-28833.695670201876		-18622.761337169082
575		5.74		123.50895497308635		10148.730830138506		-28946.317053764455		-18797.58622362595
576		5.75		127.45126503352027		10472.670447804361		-28268.50714043979		-17795.83669263543
577		5.76		133.4909851439783		10968.954249280698		-27245.770676256794		-16276.816426976096
578		5.77		138.92044954867458		11415.09333941459		-26339.10366787059		-14924.010328456
579		5.78		142.3211959418381		11694.532670540837		-25784.536954052764		-14090.004283511927
580		5.79		143.82475070131886		11818.079765127372		-25547.579667410628		-13729.499902283256
581		5.8		144.1556118617684		11845.266626681509		-25496.918354085		-13651.65172740349
582		5.81		143.68208533928518		11806.356952329064		-25574.236232298837		-13767.879279969773
583		5.82		142.4507933568573		11705.181690132966		-25778.280249418352		-14073.098559285387
584		5.83		140.60897026989264		11553.839087077078		-26084.006553923		-14530.167466845924
585		5.84		138.4204497609186		11374.008356854682		-26445.78931148092		-15071.780954626238
586		5.85		136.15976813666762		11188.248147789978		-26821.612645260102		-15633.364497470124
587		5.86		134.31597390546045		11036.743575811686		-27134.174012078605		-16097.430436266919
588		5.87		133.76643447806572		10991.58792106266		-27235.555383611452		-16243.967462548791
589		5.88		135.45123152039318		11130.027694030709		-26963.476528460527		-15833.448834429819
590		5.89		139.7307294127551		11481.674035846087		-26253.8993761967		-14772.225340350613
591		5.9		145.96059762486956		11993.582306835531		-25213.104956487034		-13219.522649651502
592		5.91		152.53743213210552		12534.000798295112		-24109.48585349308		-11575.485055197967
593		5.92		157.40364982338681		12933.857905987696		-23290.583314153188		-10356.725408165492
594		5.93		158.93098716671176		13059.359215488705		-23034.786018814557		-9975.426803325852
595		5.94		156.85712538193974		12888.949992633989		-23390.658579237872		-10501.708586603883
596		5.95		152.68708673633066		12546.297917124291		-24104.80128360008		-11558.50336647579
597		5.96		149.02573307204176		12245.444486529672		-24729.41569823984		-12483.97121171017
598		5.97		147.8335313514457		12147.481271148295		-24921.399996888522		-12773.918725740226
599		5.98		148.8080235345509		12227.555293834048		-24732.987845566815		-12505.432551732767
600		5.99		149.63946565374525		12295.874892768246		-24568.732240094825		-12272.857347326579
601		6.0		148.0298971487685		12163.616648714307		-24827.45112064718		-12663.834471932872
602		6.01		143.54923148119218		11795.440350809562		-25583.370253687906		-13787.929902878344
603		6.02		137.99890923544896		11339.370371876841		-26527.167266139288		-15187.796894262447
604		6.03		134.22610560345242		11029.359097435687		-27168.626076394237		-16139.26697895855
605		6.04		134.19257492351565		11026.60388146528		-27171.261397364597		-16144.657515899316
606		6.05		137.78448759199148		11321.75134543394		-26561.842519148435		-15240.091173714494
607		6.06		143.31284677994273		11776.016619907894		-25633.352460609796		-13857.335840701902
608		6.07		148.69597398657638		12218.34818247698		-24730.957814871166		-12512.609632394186
609		6.08		152.01060866036462		12490.71171362216		-24172.073725308925		-11681.362011686764
610		6.09		151.8884384038977		12480.672983648275		-24192.400284336974		-11711.727300688699
611		6.1		148.39738648970203		12193.813247858816		-24788.754981463717		-12594.941733604901
612		6.11		143.53367538820743		11794.162106649004		-25622.065251314998		-13827.903144665994
613		6.12		140.16792658348015		11517.598527364564		-26193.986394981723		-14676.387867617159
614		6.13		139.84951828803761		11491.434917728051		-26233.24605974035		-14741.8111420123
615		6.14		141.49557156204642		11626.691115253354		-25930.93279408941		-14304.241678836057
616		6.15		142.4336982981153		11703.776989156135		-25755.369698912153		-14051.592709756018
617		6.16		140.7679964749062		11566.906270343043		-26033.695957371132		-14466.78968702809
618		6.17		136.80610027154003		11241.357259312445		-26709.252621523974		-15467.89536221153
619		6.18		132.6908116114583		10903.203990113529		-27414.056056011916		-16510.852065898387
620		6.19		131.03984969840948		10767.544449718307		-27704.36127907875		-16936.81682936044
621		6.2		133.61154199158068		10978.860405448186		-27282.331651261087		-16303.471245812902
622		6.21		140.3878888888937		11535.672830000396		-26147.11222769571		-14611.439397695314
623		6.22		149.31091199790424		12268.87763886779		-24646.049725044533		-12377.172086176743
624		6.23		157.1270821513471		12911.132340376193		-23332.417412985134		-10421.285072608942
625		6.24		160.97788037875793		13227.552430722539		-22687.787532045808		-9460.23510132327
626		6.25		159.57842205760556		13112.55894047345		-22924.7829902964		-9812.224049822951
627		6.26		153.57303213634395		12619.096050643384		-23936.66772824673		-11317.571677603348
628		6.27		145.43997880389145		11950.80305831576		-25311.079325184102		-13360.276266868343
629		6.28		138.67889147335657		11395.244512365709		-26448.891418827756		-15053.646906462047
630		6.29		135.7167963969469		11151.849159937126		-26930.42583570093		-15778.576675763805
631		6.3		136.45447149509647		11212.463922752078		-26792.99212877877		-15580.52820602669
632		6.31		139.61667438712493		11472.302134390056		-26269.865343816557		-14797.5632094265
633		6.32		144.56779342927		11879.135586083117		-25459.600446797936		-13580.46486071482
634		6.33		151.1743189288252		12421.993786381565		-24370.460382151883		-11948.466595770318
635		6.34		158.8059077241098		13049.081437690103		-23102.129510071816		-10053.048072381713
636		6.35		165.97006373757947		13637.760137316905		-21905.640053105857		-8267.879915788952
637		6.36		170.79533323355284		14034.252531801038		-21098.66261535891		-7064.410083557872
638		6.37		171.90469433679337		14125.408733654313		-20914.485235948163		-6789.07650229385
639		6.38		169.01059360029393		13887.600476136153		-21398.38182925617		-7510.781353120017
640		6.39		162.79244922720324		13376.655552999291		-22431.457002911193		-9054.801449911902
641		6.4		154.34621696932578		12682.6286483695		-23830.31838750428		-11147.689739134781
642		6.41		144.89170202745296		11905.75115559581		-25397.51492887454		-13491.763773278732
643		6.42		135.9120906499427		11167.896488705794		-26890.978483259743		-15723.08199455395
644		6.43		129.17442385313177		10614.262408011837		-28014.08152131878		-17399.819113306945
645		6.44		126.15969997016181		10366.542546548197		-28513.22830412701		-18146.685757578813
646		6.45		127.20152814211448		10452.149567437547		-28328.554819974317		-17876.40525253677
647		6.46		131.07560935015545		10770.482820302273		-27666.41472513918		-16895.931904836907
648		6.47		135.47725430058748		11132.165985879274		-26918.370072271104		-15786.20408639183
649		6.48		138.17838928303112		11354.118247386668		-26463.53012515695		-15109.411877770282
650		6.49		138.17418112276508		11353.772462857607		-26471.238617933217		-15117.46615507561
651		6.5		136.02593210171386		11177.25084079783		-26839.8896132465		-15662.638772448672
652		6.51		133.08054451024674		10935.228342406976		-27333.353095498773		-16398.124753091797
653		6.52		130.2944133904669		10706.291948294665		-27790.405786454914		-17084.11383816025
654		6.53		127.86573760094304		10506.72765866949		-28187.348603173472		-17680.620944503982
655		6.54		125.85597483635553		10341.585452303334		-28522.646906579695		-18181.06145427636
656		6.55		124.83087919076362		10257.353343105047		-28701.759065234677		-18444.40572212963
657		6.56		125.69934965801077		10328.715561398745		-28564.727786136384		-18236.01222473764
658		6.57		128.85994903912456		10588.422012544865		-28037.595609999535		-17449.17359745467
659		6.58		133.58867070925567		10976.981072179538		-27244.5886306629		-16267.607558483362
660		6.59		138.4768730672709		11378.64465993765		-26430.428558244992		-15051.783898307342
661		6.6		142.48573583436314		11708.052913509619		-25772.2833259615		-14064.230412451881
662		6.61		145.52905670924673		11958.122589798804		-25280.69519260021		-13322.572602801407
663		6.62		148.18731254664166		12176.551471957546		-24850.23148981877		-12673.680017861223
664		6.63		150.84156746489845		12394.651598590706		-24408.053169448744		-12013.401570858037
665		6.64		152.90165812317937		12563.92924798165		-24052.95203847726		-11489.022790495608
666		6.65		153.066285076603		12577.456644744469		-24016.539465426224		-11439.082820681755
667		6.66		150.77129976552695		12388.87770173335		-24408.060943064756		-12019.183241331406
668		6.67		147.29095616529912		12102.89786810263		-25004.1175013906		-12901.21963328797
669		6.68		144.4789633704272		11871.836420148004		-25465.528579133577		-13593.692158985574
670		6.69		142.42832284315145		11703.335288021755		-25784.60459593798		-14081.269307916225
671		6.7		139.93986915176097		11498.8590482002		-26192.84784405973		-14693.988795859528
672		6.71		136.96444497737846		11254.368443791189		-26703.501494032585		-15449.133050241397
673		6.72		135.2271427781315		11111.614322079067		-27013.613752518664		-15901.999430439597
674		6.73		136.7133526139344		11233.73618428699		-26775.98655890947		-15542.25037462248
675		6.74		141.88478751328265		11658.672989966435		-25908.67349144468		-14250.000501478244
676		6.75		149.12948499983224		12253.969782436216		-24688.66266450458		-12434.692882068364
677		6.76		155.73737233237844		12796.939884551537		-23579.136192047725		-10782.196307496188
678		6.77		159.43692030782182		13100.93174169372		-22963.129224072043		-9862.197482378324
679		6.78		159.33954639846476		13092.93052756185		-22985.63575450826		-9892.705226946411
680		6.79		155.95909262767546		12815.158641216092		-23556.00872045214		-10740.850079236048
681		6.8		150.69688118314008		12382.76272681862		-24437.96274253666		-12055.20001571804
682		6.81		145.24043254524048		11934.40634224241		-25349.012669077674		-13414.606326835265
683		6.82		141.02594112793315		11588.101582482268		-26048.97821207997		-14460.8766295977
684		6.83		138.85009287668387		11409.312131677114		-26406.484836151336		-14997.172704474222
685		6.84		138.8001005430076		11405.204261618936		-26409.779546036945		-15004.57528441801
686		6.85		140.42813102821518		11538.97952658844		-26133.566499798537		-14594.586973210096
687		6.86		142.877870160098		11740.274591055255		-25718.471772446792		-13978.197181391537
688		6.87		144.97417578887246		11912.528024571651		-25360.916871194117		-13448.388846622465
689		6.88		145.55530060332748		11960.27905057542		-25258.116037032138		-13297.836986456718
690		6.89		144.00252480908188		11832.687463562259		-25515.412739861717		-13682.725276299458
691		6.9		140.55839539723536		11549.68334979083		-26091.226933648486		-14541.543583857656
692		6.91		136.1938168585968		11191.045931270899		-26821.00380880843		-15629.95787753753
693		6.92		132.171346340056		10860.519528762403		-27492.780677346618		-16632.261148584214
694		6.93		129.6165143013012		10650.58898013792		-27919.433055866975		-17268.844075729055
695		6.94		129.2503225245623		10620.499001843285		-27980.717468574734		-17360.21846673145
696		6.95		131.20249092171102		10780.908679036995		-27654.08580425717		-16873.177125220176
697		6.96		134.95147229553046		11088.96247852374		-27028.223929915323		-15939.261451391583
698		6.97		139.5674168797903		11468.25464501237		-26259.830603240956		-14791.575958228586
699		6.98		144.01357739100143		11833.595654218589		-25518.847549708207		-13685.251895489619
700		6.99		147.21853977536546		12096.94741334178		-24982.325237794783		-12885.377824453002
701		7.0		148.22515658444624		12179.661116543948		-24811.893202909945		-12632.232086365997
702		7.01		146.55643644888573		12042.54238300494		-25088.732947852957		-13046.190564848017
703		7.02		142.51481445949727		11710.442304136892		-25764.54278305906		-14054.100478922168
704		7.03		137.30810985114562		11282.607386468635		-26640.156932501228		-15357.549546032593
705		7.04		132.88115598057263		10918.844586923653		-27388.521130824516		-16469.676543900863
706		7.05		131.12680069672555		10774.689213249938		-27683.301528743134		-16908.612315493196
707		7.06		132.61917318683092		10897.317460761897		-27423.004504777502		-16525.687044015605
708		7.07		136.1300736364647		11185.808150708304		-26824.165660453724		-15638.35750974542
709		7.08		139.76653504712388		11484.616184822169		-26216.468950774157		-14731.852765951988
710		7.09		142.48163464946495		11707.715919146536		-25774.55747538106		-14066.841556234525
711		7.1		144.39880426912964		11865.249746794383		-25467.241014624018		-13601.991267829635
712		7.11		146.02103458202942		11998.548411605358		-25202.646068645245		-13204.097657039887
713		7.12		147.46902507294752		12117.529790244098		-24961.21271782041		-12843.682927576312
714		7.13		148.42148104712348		12195.793097642138		-24800.445368960412		-12604.652271318275
715		7.14		148.48602140175493		12201.096378582202		-24788.52244726959		-12587.42606868739
716		7.15		147.5622572330177		12125.190676837065		-24944.399045516995		-12819.20836867993
717		7.16		146.09001646579642		12004.216652994493		-25197.444805259416		-13193.228152264923
718		7.17		145.13514971668218		11925.755252219775		-25369.44607089995		-13443.690818680176
719		7.18		146.01418316199823		11997.985430421395		-25232.785440342752		-13234.800009921357
720		7.19		149.31640421532433		12269.328934373201		-24679.237899075917		-12409.908964702716
721		7.2		154.04141178668053		12657.582806511538		-23876.41928649778		-11218.836479986243
722		7.21		157.9242471314142		12976.635386788306		-23214.29758847605		-10237.662201687743
723		7.22		158.9097035283645		13057.610338925711		-23046.67957022285		-9989.069231297137
724		7.23		156.53098111771934		12862.150718442997		-23452.648665296343		-10590.497946853346
725		7.24		152.15019551777254		12502.18156569537		-24197.44581482844		-11695.26424913307
726		7.25		148.02209015199486		12162.975147789417		-24894.828375175253		-12731.853227385836
727		7.26		145.9280984749061		11990.911851683035		-25242.864929259707		-13251.953077576673
728		7.27		146.33073016513217		12023.99609766891		-25166.946068869052		-13142.949971200142
729		7.28		148.38829534119083		12193.06622818565		-24809.941656333565		-12616.875428147916
730		7.29		150.37032238154111		12355.929390091234		-24460.295339967317		-12104.365949876083
731		7.3		150.22540105615028		12344.021204783869		-24466.211094960225		-12122.189890176356
732		7.31		146.6636774985113		12051.354380052675		-25056.863680378985		-13005.50930032631
733		7.32		140.44228902220274		11540.1428889544		-26109.888977575545		-14569.746088621145
734		7.33		134.23104172493547		11029.764698537947		-27157.96022318378		-16128.195524645835
735		7.34		130.298239803713		10706.606364671095		-27801.316377317973		-17094.71001264688
736		7.35		128.55436771351523		10563.312395019548		-28070.25426628293		-17506.94187126338
737		7.36		127.60482176347921		10485.288204305087		-28222.78512116342		-17737.496916858334
738		7.37		126.95407916910366		10431.816685325248		-28341.84441663179		-17910.02773130654
739		7.38		127.35301866764571		10464.597543920449		-28286.39746565299		-17821.79992173254
740		7.39		129.48338049498176		10639.649375272651		-27932.024903814116		-17292.375528541466
741		7.4		132.9212481729298		10922.138962369641		-27353.5214607292		-16431.38249835956
742		7.41		136.45511766907308		11212.517018867735		-26763.1233540584		-15550.606335190665
743		7.42		139.13302940088167		11432.561025870447		-26323.990450483903		-14891.429424613456
744		7.43		140.90178859766485		11577.89996907012		-26042.818227995675		-14464.918258925554
745		7.44		142.48865748046467		11708.292985169783		-25793.22697528076		-14084.933990110976
746		7.45		144.7900599580647		11897.399226754176		-25419.70654215343		-13522.307315399255
747		7.46		148.1224106321905		12171.218481647094		-24864.367400378196		-12693.148918731102
748		7.47		151.74800585169214		12469.133640833545		-24251.2155253549		-11782.081884521354
749		7.48		154.1874255439995		12669.580756950438		-23836.969833377003		-11167.389076426565
750		7.49		154.3520160193583		12683.105156310672		-23813.03089422674		-11129.925737916068
751		7.5		152.5084566725807		12531.619884785956		-24132.178505833934		-11600.558621047978
752		7.51		150.0013247896319		12325.608857964053		-24558.72950391838		-12233.120645954328
753		7.52		148.10132739618504		12169.486072144526		-24876.01672285958		-12706.530650715053
754		7.53		147.29726553930635		12103.416309364802		-25006.228694198962		-12902.81238483416
755		7.54		147.42498011732803		12113.910616240844		-24980.950805005752		-12867.040188764908
756		7.55		148.08542842139224		12168.1796533858		-24869.288697141714		-12701.109043755914
757		7.56		148.97681458321475		12241.424854302757		-24722.517246339747		-12481.09239203699
758		7.57		150.02235195366868		12327.336660032955		-24551.696708783318		-12224.360048750363
759		7.58		151.22838704041715		12426.436563111078		-24352.38159231658		-11925.9450292055
760		7.59		152.41615547350787		12524.035495258142		-24152.774162100715		-11628.738666842573
761		7.6		153.13276246544703		12582.919091785783		-24029.56590323695		-11446.646811451168
762		7.61		152.84846191399794		12559.55811547321		-24073.40629350138		-11513.848178028169
763		7.62		151.29480023995293		12431.893735716932		-24331.892540758952		-11899.99880504202
764		7.63		148.75079682144954		12222.85297481851		-24759.32776108442		-12536.47478626591
765		7.64		145.97662504913936		11994.899280287782		-25223.45542147929		-13228.55614119151
766		7.65		143.59467845496843		11799.174728644757		-25613.329572508697		-13814.15484386394
767		7.66		141.4491361001622		11622.87551335033		-25956.423926317657		-14333.548412967328
768		7.67		138.75301426336958		11401.33518202108		-26392.067630810856		-14990.732448789777
769		7.68		134.88306989840433		11083.341853551885		-27029.656327735862		-15946.314474183977
770		7.69		130.01334265081215		10683.196365617234		-27840.941306568082		-17157.744940950848
771		7.7		125.17634413065588		10285.740197215993		-28651.030619193632		-18365.29042197764
772		7.71		121.78462489362018		10007.04262750877		-29219.071471067797		-19212.028843559026
773		7.72		120.8712330331358		9931.989218332768		-29369.434840806283		-19437.445622473515
774		7.73		122.5788537732297		10072.304414546285		-29080.72529069131		-19008.420876145025
775		7.74		126.27978688894565		10376.410088664665		-28462.84583114141		-18086.435742476744
776		7.75		131.11740162021388		10773.916891132974		-27661.988140167225		-16888.07124903425
777		7.76		136.48514967785877		11214.984749029656		-26778.86684470821		-15563.882095678553
778		7.77		142.13966335442998		11679.616137833511		-25849.729112387904		-14170.112974554393
779		7.78		147.91962624327982		12154.555688410303		-24895.649515952835		-12741.093827542532
780		7.79		153.3537454644863		12601.07726481684		-23993.02636217247		-11391.94909735563
781		7.8		157.60720554490604		12950.58407962493		-23284.10146807876		-10333.517388453829
782		7.81		159.8708800485773		13136.590213591597		-22907.114748232292		-9770.524534640695
783		7.82		159.76288654780166		13127.716387632863		-22924.662829508565		-9796.946441875702
784		7.83		157.33544101771315		12928.25318842549		-23324.805954711665		-10396.552766286175
785		7.84		152.8508280022475		12559.752536944678		-24064.649346016653		-11504.896809071975
786		7.85		146.80052256118537		12062.598938852603		-25067.9788782619		-13005.379939409297
787		7.86		140.19990303015		11520.226031987426		-26169.114933513174		-14648.888901525748
788		7.87		134.59960675662683		11060.049687192026		-27105.58559792792		-16045.535910735893
789		7.88		131.44518613415468		10800.850944643491		-27629.298609612284		-16828.447664968793
790		7.89		131.24369420532955		10784.29435285193		-27654.133117827445		-16869.838764975517
791		7.9		133.32642486054002		10955.432330790572		-27296.517295717513		-16341.08496492694
792		7.91		136.36120530906675		11204.800240246015		-26783.889517456966		-15579.089277210951
793		7.92		139.1004325949787		11429.882546329402		-26326.99729619807		-14897.11474986867
794		7.93		140.9441657218064		11581.382097360833		-26027.770627180245		-14446.388529819413
795		7.94		142.20837541946273		11685.262208217253		-25832.377065910267		-14147.114857693014
796		7.95		143.85197295967797		11820.316618096738		-25571.445815008203		-13751.129196911465
797		7.96		146.49157335730567		12037.212582769807		-25130.860968308403		-13093.648385538596
798		7.97		149.4716302928721		12282.083861165302		-24621.15162108255		-12339.067759917249
799		7.98		151.11414258953042		12417.049096581715		-24333.6607684253		-11916.611671843584
800		7.99		149.96267412329377		12322.43293271105		-24519.94304074218		-12197.510108031129
801		8.0		145.85695459801298		11985.065959318727		-25209.31959830782		-13224.253638989092
802		8.01		140.18449213099856		11518.959718404152		-26166.820301422682		-14647.86058301853
803		8.02		135.1878174393668		11108.38295899277		-27007.633039325858		-15899.250080333088
804		8.03		132.59368011103498		10895.222694723745		-27435.38072305385		-16540.15802833011
805		8.04		132.6228791497133		10897.62197973194		-27418.08615774391		-16520.46417801197
806		8.05		134.31203540317668		11036.419949079027		-27128.706105171383		-16092.286156092356
807		8.06		136.6912710708734		11231.921743893668		-26736.52720188538		-15504.60545799171
808		8.07		139.62248657974627		11472.77972225775		-26262.27612792324		-14789.49640566549
809		8.08		143.63456322255632		11802.452059997453		-25607.78467562054		-13805.332615623087
810		8.09		148.99309780890766		12242.762846957943		-24719.258273380576		-12476.495426422633
811		8.1		154.88154013594567		12726.616152970657		-23731.286918851885		-11004.670765881228
812		8.11		159.4533335583137		13102.280418486636		-22957.691019337486		-9855.41060085085
813		8.12		160.7457490228774		13208.478197209835		-22734.238748099226		-9525.76055088939
814		8.13		157.85795355596898		12971.188043693972		-23217.71558647623		-10246.52754278226
815		8.14		151.70914568459992		12465.940500903576		-24255.93571260375		-11789.995211700174
816		8.15		144.8661315721651		11903.650031284807		-25413.5728435923		-13509.922812307494
817		8.16		140.296872052073		11528.19397651884		-26182.89213243502		-14654.69815591618
818		8.17		139.6759229245165		11477.170586707522		-26278.602987762937		-14801.432401055416
819		8.18		142.52588196867828		11711.351721366294		-25787.061763083173		-14075.710041716879
820		8.19		146.81320426992315		12063.640994859585		-25057.815184381514		-12994.17418952193
821		8.2		150.25626348651082		12346.557170686594		-24475.748931084963		-12129.19176039837
822		8.21		151.27573783171778		12430.32737763225		-24301.09411648712		-11870.766738854869
823		8.22		149.20126130289287		12259.867641258708		-24641.081511802407		-12381.2138705437
824		8.23		144.16088709545943		11845.700092633902		-25477.657686987466		-13631.957594353564
825		8.24		137.31883341334535		11283.488541574587		-26627.213581066175		-15343.725039491588
826		8.25		131.23236101170357		10783.363104331682		-27662.781809228665		-16879.418704896983
827		8.26		129.0112521239191		10600.854587022432		-28045.548411425367		-17444.693824402937
828		8.27		132.12248334083904		10856.504456116745		-27517.814161451177		-16661.30970533443
829		8.28		139.1132493388544		11430.935698173666		-26332.90308043653		-14901.967382262863
830		8.29		146.66472683935405		12051.440604389722		-25058.47267748252		-13007.0320730928
831		8.3		151.5479644116856		12452.696235708205		-24238.04865793531		-11785.352422227104
832		8.31		152.03770089920923		12492.937882888022		-24163.111611222004		-11670.173728333983
833		8.32		148.71309885449642		12219.75533287397		-24740.37114522484		-12520.615812350869
834		8.33		144.35105868379065		11861.326492047077		-25493.919415322896		-13632.592923275819
835		8.34		142.07004004389114		11673.895190406534		-25879.53284025311		-14205.637649846574
836		8.35		142.89988215061075		11742.083316315686		-25727.7418134252		-13985.658497109514
837		8.36		145.6462462848675		11967.752057227563		-25259.479066112126		-13291.727008884563
838		8.37		148.72825019166046		12221.000318248742		-24747.071130188266		-12526.070811939524
839		8.38		151.40438362918422		12440.898202810069		-24310.044287333014		-11869.146084522945
840		8.39		153.72153092899427		12631.298196435459		-23933.53945208336		-11302.241255647903
841		8.4		155.8975673952368		12810.103112866607		-23574.867114767127		-10764.76400190052
842		8.41		157.71555324708723		12959.487010313158		-23266.875940204678		-10307.38892989152
843		8.42		158.3270068984653		13009.730156846894		-23153.939348538657		-10144.209191691763
844		8.43		156.70936987215154		12876.808922394692		-23414.52860336357		-10537.71968096888
845		8.44		152.5178679111815		12532.393206261784		-24111.701225055083		-11579.3080187933
846		8.45		146.55687814305534		12042.578677014859		-25107.872629040496		-13065.293952025637
847		8.46		140.3109076448231		11529.347281175114		-26146.612050220785		-14617.26476904567
848		8.47		134.95986339763334		11089.651975383531		-27028.47012792052		-15938.818152536987
849		8.48		130.93891072943853		10759.250294637965		-27688.560057040362		-16929.309762402398
850		8.49		128.45430924745222		10555.090590863148		-28103.454791284817		-17548.364200421667
851		8.5		128.25008567174538		10538.309539647318		-28151.082983815333		-17612.773444168015
852		8.51		131.44864643099427		10801.1352772348		-27629.162951012186		-16828.027673777386
853		8.52		138.13911655474607		11350.891207303484		-26508.756486861635		-15157.865279558151
854		8.53		146.39474507037414		12029.256202432643		-25119.722448868288		-13090.466246435644
855		8.54		153.27667891677766		12594.74470659162		-23967.47731547756		-11372.73260888594
856		8.55		156.68863368288083		12875.10502972232		-23405.69307030116		-10530.588040578841
857		8.56		156.30517249877838		12843.59602422462		-23483.35593446926		-10639.759910244638
858		8.57		153.2836193465577		12595.315001706647		-24000.01013710482		-11404.695135398171
859		8.58		149.36991634950937		12273.726026439184		-24659.361694040734		-12385.63566760155
860		8.59		146.0139943093699		11997.969912400926		-25217.527133065218		-13219.557220664292
861		8.6		143.83391708674486		11818.832967017825		-25572.70913150805		-13753.876164490226
862		8.61		142.58306620734948		11716.050550257907		-25770.455246497742		-14054.404696239835
863		8.62		141.57096678382632		11632.886340627008		-25930.51822771123		-14297.63188708422
864		8.63		140.2039591970363		11520.559327220475		-26153.334418202183		-14632.775090981708
865		8.64		138.26748750820104		11361.439448548881		-26472.96980109259		-15111.530352543708
866		8.65		135.87547749352035		11164.887985642568		-26868.540313813945		-15703.652328171376
867		8.66		133.30163616299015		10953.395443512902		-27294.012479218418		-16340.617035705516
868		8.67		130.86969897458312		10753.563164741496		-27695.945003515382		-16942.381838773887
869		8.68		128.93408861180683		10594.514061232167		-28017.601643432194		-17423.087582200027
870		8.69		127.99537760438623		10517.380177752417		-28179.593560237114		-17662.213382484697
871		8.7		128.82857680377694		10585.844155966352		-28051.91699557667		-17466.07283961032
872		8.71		132.14530788759154		10858.379949123397		-27506.176193354677		-16647.79624423128
873		8.72		137.69527763112296		11314.420962949374		-26575.495851184212		-15261.074888234838
874		8.73		143.74112131699098		11811.20793861715		-25553.507908109736		-13742.299969492586
875		8.74		147.80453551619817		12145.098683366004		-24866.45338854026		-12721.354705174255
876		8.75		148.29736245006515		12185.594272521854		-24790.587189586957		-12604.992917065103
877		8.76		145.79517455681886		11979.989493333807		-25230.24700688804		-13250.257513554232
878		8.77		142.82354293655015		11735.810523096327		-25748.722209239153		-14012.911686142827
879		8.78		141.99778782778077		11667.958225808747		-25892.17755237259		-14224.219326563842
880		8.79		144.04672979369127		11836.319787147611		-25538.374926312645		-13702.055139165033
881		8.8		147.50222522868452		12120.257847041008		-24943.75575779249		-12823.497910751481
882		8.81		149.981232644821		12323.957886424943		-24518.427322364092		-12194.469435939149
883		8.82		149.8518169020165		12313.323794838696		-24541.237079460356		-12227.91328462166
884		8.83		147.19253005294917		12094.810194450834		-24995.66431048176		-12900.854116030925
885		8.84		143.52077431098095		11793.102025133305		-25619.060107308887		-13825.958082175583
886		8.85		140.678039387854		11559.514496499964		-26097.725500837612		-14538.211004337649
887		8.86		139.85389855337482		11491.794844130809		-26235.344995251773		-14743.550151120964
888		8.87		141.39393033469452		11618.33925560185		-25979.94048990397		-14361.60123430212
889		8.88		145.09292943670945		11922.286011814416		-25366.413612260483		-13444.127600446067
890		8.89		150.30193824517687		12350.310265606184		-24497.982446731072		-12147.672181124888
891		8.9		155.7279083703231		12796.162230789449		-23585.1879441897		-10789.025713400251
892		8.91		159.39605734348976		13097.574031914553		-22958.579379451396		-9861.005347536842
893		8.92		159.264032873386		13086.725581206127		-22967.230277991348		-9880.504696785221
894		8.93		154.38000185018018		12685.404752029306		-23778.798647465446		-11093.39389543614
895		8.94		145.79304290321352		11979.814335357056		-25220.068234171144		-13240.253898814088
896		8.95		136.40572653481053		11208.458549365381		-26799.356889321087		-15590.898339955706
897		8.96		129.64732087754766		10653.12035650809		-27933.24194259341		-17280.12158608532
898		8.97		127.72652369660739		10495.28845215023		-28247.137731863175		-17751.849279712944
899		8.98		130.59069819522497		10730.637670701635		-27753.329390496918		-17022.691719795283
900		8.99		136.21650789664562		11192.910453867371		-26799.68068468571		-15606.77023081834
901		9.0		141.91772629532804		11661.379569687106		-25842.46804541216		-14181.088475725053
902		9.01		145.66422218320255		11969.229136793754		-25220.224953730914		-13250.99581693716
903		9.02		146.64684813913223		12049.971511592496		-25063.824916128142		-13013.853404535646
904		9.03		145.15170267847313		11927.115409090136		-25320.623362207014		-13393.507953116878
905		9.04		142.0339236527166		11670.927506543723		-25842.49312852792		-14171.565621984197
906		9.05		138.12224161335908		11349.504593369715		-26492.383838083853		-15142.879244714139
907		9.06		134.1402129950388		11022.30130180234		-27156.935193155517		-16134.633891353178
908		9.07		131.07221983205218		10770.204303599729		-27675.242291570943		-16905.037987971213
909		9.08		130.21887545859127		10700.084996432444		-27828.387885484655		-17128.30288905221
910		9.09		132.68753356888556		10902.934633355326		-27425.528829191506		-16522.59419583618
911		9.1		138.50184506218545		11380.69660875978		-26452.357534631672		-15071.660925871893
912		9.11		145.80971645213404		11981.184400871854		-25215.677865348687		-13234.493464476833
913		9.12		151.2842388817226		12431.025908911146		-24283.58898674304		-11852.563077831895
914		9.13		152.03852883022674		12493.005913979732		-24153.90249093786		-11660.896576958128
915		9.14		147.80846225653897		12145.421343619808		-24882.916471863165		-12737.495128243358
916		9.15		141.89316365960602		11659.361257909826		-25911.468951042552		-14252.107693132726
917		9.16		139.11276301765224		11430.895737160485		-26388.729266906408		-14957.833529745923
918		9.17		141.23476740748922		11605.26083787339		-26004.892074639316		-14399.631236765927
919		9.18		145.54137482474468		11959.134769349272		-25256.468965430853		-13297.334196081581
920		9.19		148.33585765737848		12188.757423706791		-24783.251301710654		-12594.493878003863
921		9.2		147.97967705241692		12159.4900633971		-24851.32566947203		-12691.83560607493
922		9.21		145.04839307590984		11918.626459047513		-25350.487570078785		-13431.861111031272
923		9.22		141.03384103061612		11588.750717485727		-26021.818641543457		-14433.06792405773
924		9.23		137.14997885558975		11269.61376256381		-26666.849170182555		-15397.235407618746
925		9.24		134.23342472547262		11029.960509692086		-27156.19060141597		-16126.230091723883
926		9.25		133.14990450376598		10940.927653074452		-27341.79704566607		-16400.869392591616
927		9.26		134.38279701641991		11042.234430839224		-27132.963480343962		-16090.729049504738
928		9.27		137.28720375331926		11280.889532410243		-26639.04448428943		-15358.154951879185
929		9.28		140.3572944889352		11533.158888155805		-26121.272105931745		-14588.11321777594
930		9.29		142.3048498349952		11693.189510941555		-25798.64728407944		-14105.457773137887
931		9.3		142.7483153704509		11729.629073989952		-25731.387180049947		-14001.758106059995
932		9.31		142.13581752540296		11679.30012606236		-25841.937253877615		-14162.637127815255
933		9.32		141.41613388815915		11620.163721590037		-25972.531150220613		-14352.367428630576
934		9.33		141.7365799716608		11646.494776271367		-25929.612032543875		-14283.117256272508
935		9.34		143.91538318287584		11825.52703613691		-25570.07261996822		-13744.545583831312
936		9.35		147.75818217671807		12141.289829460924		-24923.100981313873		-12781.81115185295
937		9.36		151.85871941789628		12478.230974568538		-24225.793561509665		-11747.562586941127
938		9.37		154.11656430605709		12663.75808902871		-23832.255923419605		-11168.497834390895
939		9.38		152.60762298154535		12539.768380393582		-24068.58775274015		-11528.819372346568
940		9.39		146.53752201555608		12040.988184018242		-25074.74914269356		-13033.760958675317
941		9.4		137.00486393642836		11257.689669656318		-26671.18954730551		-15413.49987764919
942		9.41		126.93799475708252		10430.495029189471		-28362.432711572175		-17931.937682382704
943		9.42		119.80828219293637		9844.646547793582		-29557.22833818674		-19712.581790393157
944		9.43		117.89101094117913		9687.10436903669		-29873.296347530933		-20186.191978494244
945		9.44		121.4868391950039		9982.57357665347		-29269.34883256167		-19286.7752559082
946		9.45		129.43475852093516		10635.654107665243		-27945.734967715376		-17310.080860050133
947		9.46		139.8792421290119		11493.877325740908		-26208.098270935658		-14714.22094519475
948		9.47		150.5192039343435		12368.162987285006		-24433.82182924204		-12065.658841957033
949		9.48		158.7535372816443		13044.778158432713		-23056.783129091968		-10012.004970659254
950		9.49		162.31193251195918		13337.171494507687		-22460.571647432578		-9123.40015292489
951		9.5		160.20109261779257		13163.723780404016		-22816.71907017119		-9652.995289767176
952		9.51		153.4161187065462		12606.2024741169		-23962.059903172405		-11355.857429055504
953		9.52		144.8291953679526		11900.614983384665		-25410.14868477142		-13509.533701386754
954		9.53		137.89607577900986		11330.920546761241		-26573.40113310897		-15242.48058634773
955		9.54		135.0327401048602		11095.640254416363		-27050.306553503568		-15954.666299087205
956		9.55		136.95209442399656		11253.353598819798		-26725.20059006712		-15471.846991247323
957		9.56		142.6235469367602		11719.376851793586		-25767.119415600802		-14047.742563807216
958		9.57		149.56910238554326		12290.09314302009		-24599.43572101593		-12309.342577995838
959		9.58		155.22407245992352		12754.762034031915		-23661.079533304644		-10906.317499272729
960		9.59		158.32519224385788		13009.581046677802		-23156.151761792375		-10146.570715114573
961		9.6		158.85315763967728		13052.963963252283		-23076.138355961055		-10023.174392708772
962		9.61		157.21329466848658		12918.216422909543		-23350.842295412825		-10432.625872503282
963		9.62		153.87894754644043		12644.23311989101		-23905.898416842563		-11261.665296951553
964		9.63		149.58484321927907		12291.386567328162		-24623.845958772083		-12332.459391443921
965		9.64		145.5254577145863		11957.826860407558		-25306.5073436649		-13348.680483257342
966		9.65		143.0981131420352		11758.371956881032		-25715.028674606772		-13956.65671772574
967		9.66		143.10059540355437		11758.575924310062		-25708.806560034613		-13950.23063572455
968		9.67		145.01674784953215		11916.026170796056		-25375.654986605037		-13459.628815808981
969		9.68		147.27115779988603		12101.271036416634		-24987.74938538634		-12886.478348969707
970		9.69		148.29116821373967		12185.085292122989		-24813.042946876907		-12627.957654753918
971		9.7		147.3570813875319		12108.331377613496		-24970.045878833662		-12861.714501220165
972		9.71		144.70665591674359		11890.54591667882		-25414.47719534401		-13523.93127866519
973		9.72		141.12606467741986		11596.32873454359		-26011.815251560114		-14415.486517016525
974		9.73		137.47547923403374		11296.360128660552		-26618.06341270179		-15321.70328404124
975		9.74		134.40685624335305		11044.21137751632		-27125.336634799747		-16081.125257283427
976		9.75		132.24027594727144		10866.183474587295		-27479.98223537566		-16613.798760788366
977		9.76		130.87671553125637		10754.139715203337		-27698.254623856406		-16944.11490865307
978		9.77		129.85725181883322		10670.370381953526		-27860.02963364105		-17189.659251687524
979		9.78		128.759860511404		10580.197738222068		-28041.19928151331		-17461.00154329124
980		9.79		127.72514119016454		10495.17485159582		-28220.880981250473		-17725.706129654653
981		9.8		127.60732259313411		10485.49369747783		-28253.324583133137		-17767.830885655305
982		9.81		129.49754713048526		10640.813447711973		-27949.756053371984		-17308.942605660013
983		9.82		133.92184298586116		11004.357838148211		-27217.941296349214		-16213.583458201003
984		9.83		140.34805536545494		11532.399709379433		-26147.62581238685		-14615.226103007417
985		9.84		147.37264108058423		12109.609917591606		-24976.89930579157		-12867.289388199963
986		9.85		153.38628215941418		12603.750805039062		-23977.54589490857		-11373.795089869507
987		9.86		157.27036172346058		12922.905622816757		-23337.65316484954		-10414.747542032783
988		9.87		158.79212741302678		13047.94910952841		-23094.24234888923		-10046.29323936082
989		9.88		158.47657370600172		13022.020061422161		-23153.503410135618		-10131.483348713457
990		9.89		156.97499935680574		12898.635697148728		-23401.102604689615		-10502.466907540887
991		9.9		154.49904006830653		12695.186122412748		-23804.800788677392		-11109.614666264644
992		9.91		150.992735589714		12407.073083406798		-24383.213700333166		-11976.140616926368
993		9.92		146.80559362376616		12063.015628064864		-25082.262220615503		-13019.246592550639
994		9.93		142.95005835875338		11746.206295338767		-25729.582972008993		-13983.376676670227
995		9.94		140.6373932897669		11556.174606620147		-26117.948528032663		-14561.773921412516
996		9.95		140.57170733614493		11550.777191811028		-26126.275835873977		-14575.49864406295
997		9.96		142.483718577281		11707.88715549518		-25798.59077088844		-14090.70361539326
998		9.97		145.14609718944678		11926.654806056842		-25342.356443229677		-13415.701637172835
999		9.98		146.8896442627493		12069.92206907011		-25039.90147273126		-12969.979403661151
1000		9.99		146.31774126364326		12022.928799633566		-25126.53780258715		-13103.609002953584
