step		t		temp		ekin		epot		etot
1		0.0		157.14074780590028		12912.255247210825		40642.848360120064		53555.10360733089
2		0.01		162.69343260737108		13368.51935734768		41564.145423227805		54932.664780575484
3		0.02		168.45888846996326		13842.266865576881		42518.52368683308		56360.79055240996
4		0.03		173.70405658136048		14273.26232929039		43384.29899406976		57657.56132336015
5		0.04		177.9672648013202		14623.57014872448		44086.020487060705		58709.590635785185
6		0.05		181.0464839750336		14876.589588228511		44591.48883769708		59468.07842592559
7		0.06		182.92152796870155		15030.661953188208		44898.36712822887		59929.02908141708
8		0.07		183.66738197720449		15091.948777066893		45019.7799656274		60111.72874269429
9		0.08		183.38001996805485		15068.336240775066		44972.09786717396		60040.434107949026
10		0.09		182.12146595209896		14964.92085728397		44765.84116887228		59730.76202615625
11		0.1		179.89119508166053		14781.659499860045		44400.88335459401		59182.54285445405
12		0.11		176.6316252065068		14513.820643218665		43867.32774205481		58381.148385273475
13		0.12		172.2697753382681		14155.407439545488		43152.42557631245		57307.83301585794
14		0.13		166.78847277169044		13705.008807649803		42252.38580369674		55957.39461134655
15		0.14		160.31794793913969		13173.325782159109		41187.40945029432		54360.73523245343
16		0.15		153.24198432102398		12591.89385165854		40019.27328571119		52611.16713736973
17		0.16		146.28197392720605		12019.989797598522		38866.690171903596		50886.67996950212
18		0.17		140.4196959933605		11538.286419774433		37895.00079573899		49433.287215513425
19		0.18		136.53449646123394		11219.039574219592		37253.74562757245		48472.78520179204
20		0.19		135.01511289252844		11094.191826379061		37005.902964616536		48100.0947909956
21		0.2		135.7796562133876		11157.014351054058		37134.2317580648		48291.24610911886
22		0.21		138.50697281711933		11381.117956382695		37587.06013232301		48968.1780887057
23		0.22		142.61500671440746		11718.675101722862		38270.77258404017		49989.44768576303
24		0.23		147.19031225416333		12094.6279579246		39032.20023554215		51126.82819346675
25		0.24		151.24212511722442		12427.56542088233		39703.8204164542		52131.38583733653
26		0.25		154.0869522801263		12661.324868857979		40171.846622555		52833.17149141298
27		0.26		155.5082499345317		12778.11289712047		40402.22050116941		53180.33339828988
28		0.27		155.66277754541017		12790.810430906353		40422.8717549778		53213.68218588416
29		0.28		154.90385124800127		12728.449457048266		40293.28361789475		53021.73307494301
30		0.29		153.64791065081798		12625.248818177713		40082.39029286088		52707.639111038596
31		0.3		152.3109904304145		12515.394083667159		39858.65486119405		52374.04894486121
32		0.31		151.2783775532302		12430.544283548927		39685.76316318718		52116.3074467361
33		0.32		150.85699735557301		12395.919472707435		39615.00720848962		52010.92668119705
34		0.33		151.2006959445462		12424.161185763362		39672.26858403563		52096.42976979899
35		0.34		152.26815431147813		12511.874239774157		39850.01138085562		52361.88562062978
36		0.35		153.88699533991263		12644.894407080621		40118.03559871003		52762.93000579065
37		0.36		155.89397091665595		12809.807590221619		40448.510383948764		53258.31797417038
38		0.37		158.20170267527533		12999.433908827374		40828.36315129721		53827.79706012459
39		0.38		160.70099438983019		13204.800709012346		41241.600278258375		54446.400987270725
40		0.39		163.12286490684326		13403.805809395311		41643.88713100662		55047.69294040193
41		0.4		165.05459632736466		13562.536180219555		41965.26347552185		55527.79965574141
42		0.41		166.11175543399997		13649.402944011777		42140.65024746288		55790.05319147465
43		0.42		166.10461367212673		13648.816105438655		42138.44412096228		55787.26022640093
44		0.43		165.08677297485337		13565.180135343702		41968.324758588315		55533.50489393202
45		0.44		163.28794513382013		13417.370451646		41669.52697328639		55086.89742493239
46		0.45		160.9900982452437		13228.556372811676		41289.63102599792		54518.1873988096
47		0.46		158.42334997259033		13017.646667247747		40866.68506849229		53884.33173574004
48		0.47		155.74523110497785		12797.58563989603		40425.63238057754		53223.21802047357
49		0.48		153.11569185392844		12581.516399637301		39991.23288063644		52572.74928027374
50		0.49		150.81445144881917		12392.42347554947		39608.527496285635		52000.950971835104
51		0.5		149.29349056863148		12267.44612002445		39353.01142955965		51620.4575495841
52		0.51		149.04462670946816		12246.996976716999		39309.28412853305		51556.28110525005
53		0.52		150.28442767539963		12348.871422087588		39516.22197105033		51865.09339313791
54		0.53		152.70595443900172		12547.848276252771		39922.214976288866		52470.06325254164
55		0.54		155.57447733484898		12783.554802604542		40401.98766109579		53185.54246370033
56		0.55		158.09178508155836		12990.40198015165		40820.913496307665		53811.31547645931
57		0.56		159.70676945666565		13123.105246254217		41087.77254009001		54210.87778634422
58		0.57		160.2089313315276		13164.367887511624		41168.90048958437		54333.26837709599
59		0.58		159.66915075989752		13120.01411794078		41077.197255991916		54197.211373932696
60		0.59		158.32932599633367		13009.920717118737		40853.67248912322		53863.59320624196
61		0.6		156.48312227018914		12858.218156941442		40547.79349949377		53406.01165643521
62		0.61		154.3660589725566		12684.259065774977		40198.964835711406		52883.22390148638
63		0.62		152.09435571614748		12497.593209195838		39825.933529303606		52323.526738499444
64		0.63		149.6909824074444		12300.108024419707		39431.26100066978		51731.36902508949
65		0.64		147.180451664738		12093.81771329152		39017.8633030243		51111.68101631582
66		0.65		144.67696460237678		11888.106181377301		38604.32858950705		50492.434770884356
67		0.66		142.39934542584822		11700.954213641948		38227.36507682185		49928.3192904638
68		0.67		140.6114201156212		11554.040390900595		37931.25335664169		49485.29374754228
69		0.68		139.54393436745497		11466.325086973775		37754.3512915052		49220.67637847897
70		0.69		139.3482654094895		11450.246968697753		37721.62334644257		49171.87031514032
71		0.7		140.0766003959582		11510.094254535885		37841.89495361666		49351.98920815255
72		0.71		141.65794608363092		11640.033429691954		38103.81550047412		49743.848930166074
73		0.72		143.8785768264472		11822.502657829165		38472.036637265286		50294.53929509445
74		0.73		146.40771364239697		12030.321829995759		38891.33989382265		50921.66172381841
75		0.74		148.87324638801962		12232.914655703573		39299.745635940366		51532.66029164394
76		0.75		150.93840073936977		12402.608388754014		39641.692860168485		52044.3012489225
77		0.76		152.33420175922342		12517.301358555389		39873.23983337688		52390.541191932265
78		0.77		152.85480389362712		12560.07923593934		39960.674243847636		52520.753479786974
79		0.78		152.36384617915763		12519.737240541383		39880.92870103106		52400.66594157244
80		0.79		150.8610317847082		12396.250981749472		39632.3022026408		52028.55318439027
81		0.8		148.61611694631605		12211.786329478791		39257.33691967894		51469.12324915773
82		0.81		146.2778085178537		12019.64752591204		38863.339392077665		50882.98691798971
83		0.82		144.75037856333282		11894.138606549059		38604.22607700759		50498.36468355665
84		0.83		144.7367632485895		11893.0198361366		38601.48688634551		50494.50672248211
85		0.84		146.28509315342765		12020.24610441715		38862.410262682875		50882.656367100026
86		0.85		148.82816324296326		12229.210173674292		39287.92087367186		51517.13104734615
87		0.86		151.63058117285948		12459.484854973864		39753.31059893398		52212.79545390785
88		0.87		154.14149888044142		12665.80696300587		40167.990655708454		52833.79761871432
89		0.88		156.05950054027906		12823.40915939473		40483.535173116485		53306.944332511215
90		0.89		157.26495963494077		12922.461733203083		40680.93423522368		53603.39596842676
91		0.9		157.76188752926058		12963.294298279343		40761.08147588174		53724.37577416109
92		0.91		157.64883234210853		12954.004553551058		40740.36752841468		53694.37208196574
93		0.92		157.0953959187907		12908.528682647033		40646.94251207548		53555.471194722515
94		0.93		156.31305184428217		12844.243470044667		40515.88298471565		53360.12645476032
95		0.94		155.52148072601668		12779.20007125679		40383.645745118585		53162.845816375375
96		0.95		154.91160203527187		12729.086339238289		40282.02987302447		53011.11621226276
97		0.96		154.60424470298128		12703.830787243971		40231.3523740769		52935.18316132087
98		0.97		154.60913605217266		12704.232709407028		40233.51835463844		52937.75106404547
99		0.98		154.80102572147354		12720.000283533482		40267.80831349365		52987.808597027135
100		0.99		154.9358825556321		12731.08146959629		40293.37806774637		53024.459537342664
101		1.0		154.7183523564977		12713.207013133415		40260.5170014505		52973.72401458392
102		1.01		153.90508207964783		12646.380594484663		40128.067609441154		52774.448203925815
103		1.02		152.4065064758587		12523.242637121308		39880.608735356436		52403.851372477744
104		1.03		150.34739546992463		12354.045485763707		39538.68816521949		51892.7336509832
105		1.04		148.05992224193832		12166.083810620072		39157.766241099576		51323.85005171965
106		1.05		146.0024247872705		11997.01924477002		38814.698293479385		50811.7175382494
107		1.06		144.62142277945406		11883.542309787741		38584.5460162671		50468.08832605484
108		1.07		144.20374339966494		11849.221595150468		38515.5180712707		50364.73966642117
109		1.08		144.783217885658		11896.837013664517		38613.074440665856		50509.91145433037
110		1.09		146.1471029722798		12008.907451232233		38841.1006627859		50850.008114018136
111		1.1		147.9327192412177		12155.63154005086		39138.51302921042		51294.14456926128
112		1.11		149.75632714492914		12305.477401498829		39441.17078086672		51746.64818236555
113		1.12		151.31333305246494		12433.416576921045		39698.59933641009		52132.01591333113
114		1.13		152.4241192835543		12524.689881529655		39881.363579757475		52406.05346128713
115		1.14		153.0345713807724		12574.850730358068		39980.895098259774		52555.745828617844
116		1.15		153.191041326864		12587.707865828415		40005.23966759367		52592.947533422084
117		1.16		153.00278129656107		12572.238539138423		39972.83821510807		52545.0767542465
118		1.17		152.59759651880773		12538.944505950432		39905.189305723514		52444.13381167395
119		1.18		152.07688673788573		12496.15778325207		39819.33764479357		52315.495428045644
120		1.19		151.4815460698508		12447.238640559639		39722.10526456764		52169.34390512728
121		1.2		150.7825830513592		12389.804849330187		39608.46174563609		51998.26659496628
122		1.21		149.90333625555124		12317.557140118646		39465.26260000245		51782.81974012109
123		1.22		148.76551690214293		12224.062523849085		39279.05436552704		51503.11688937612
124		1.23		147.3389100076157		12106.838235325784		39044.497659350935		51151.33589467672
125		1.24		145.67328630162874		11969.973935404832		38769.73310830349		50739.70704370832
126		1.25		143.90162824349076		11824.396792767637		38476.85747130561		50301.25426407324
127		1.26		142.21801699210243		11686.054456241058		38198.14596383618		49884.200420077235
128		1.27		140.84152228376595		11572.947886057049		37970.01214716176		49542.96003321881
129		1.28		139.97545309580917		11501.78298088264		37826.286424682796		49328.06940556543
130		1.29		139.7665198033146		11484.61493223836		37791.462029520866		49276.07696175923
131		1.3		140.26893942170284		11525.898752281322		37874.70696487808		49400.6057171594
132		1.31		141.4216634050857		11620.618081995892		38066.02283433678		49686.64091633267
133		1.32		143.0477907439892		11754.236965433593		38336.054726737464		50090.29169217106
134		1.33		144.88365624627437		11905.090033756365		38640.84166990025		50545.93170365661
135		1.34		146.6373963819635		12049.19486070594		38931.619671864806		50980.814532570745
136		1.35		148.06042977174488		12166.125514344276		39166.93018120413		51333.055695548406
137		1.36		149.001491908651		12243.452590133853		39321.82723976765		51565.2798299015
138		1.37		149.41637696524432		12277.543695234126		39389.544165229985		51667.08786046411
139		1.38		149.32959128210803		12270.412515650816		39374.85562753404		51645.268143184854
140		1.39		148.77684267733605		12224.993162796703		39284.00220201934		51508.995364816044
141		1.4		147.77830342412705		12142.943192360519		39119.85828933793		51262.80148169845
142		1.41		146.37426694499547		12027.573514870277		38888.07472796436		50915.648242834635
143		1.42		144.69825206540108		11889.855372214008		38610.00133579778		50499.85670801179
144		1.43		143.0162327008691		11751.643841030414		38329.87299732935		50081.51683835976
145		1.44		141.67632671222373		11641.543765943423		38106.32421056388		49747.8679765073
146		1.45		140.98875751898993		11585.046205335402		37991.55696918166		49576.60317451706
147		1.46		141.12142099767294		11595.947163378785		38013.33726249655		49609.28442587533
148		1.47		142.07613566202457		11674.39606734856		38171.411965652995		49845.80803300155
149		1.48		143.72702530459193		11810.04966927832		38444.651638172734		50254.701307451054
150		1.49		145.86150568289554		11985.439921963527		38798.005661964		50783.44558392753
151		1.5		148.20232394091656		12177.784958225115		39185.72822813165		51363.513186356766
152		1.51		150.4340230304885		12361.163672415241		39555.45960592795		51916.62327834319
153		1.52		152.2525067586058		12510.588480354638		39856.553643023144		52367.14212337778
154		1.53		153.42499687707698		12606.931993389415		40050.2692625903		52657.201255979715
155		1.54		153.83475142677676		12640.601524738246		40117.2536528946		52757.855177632846
156		1.55		153.49857270546016		12612.977719207662		40060.33892392532		52673.31664313299
157		1.56		152.56097643179092		12535.93543340026		39903.53931626021		52439.47474966047
158		1.57		151.26758608984227		12429.657549002339		39687.78346983387		52117.44101883621
159		1.58		149.91187771401127		12318.258991760305		39462.18863950778		51780.447631268085
160		1.59		148.75729821368432		12223.387194218441		39270.93736066463		51494.324554883075
161		1.6		147.9629255290607		12158.113590722918		39140.49204845906		51298.60563918198
162		1.61		147.55700262425484		12124.758905635019		39074.92919374258		51199.6880993776
163		1.62		147.48096893574598		12118.511217450246		39063.51168446788		51182.02290191813
164		1.63		147.67527277864127		12134.477164220953		39095.63807539241		51230.11523961336
165		1.64		148.14039919142783		12172.696601559626		39171.53295813924		51344.22955969887
166		1.65		148.92413490020897		12237.096164750172		39299.91459682812		51537.01076157829
167		1.66		150.0559781258033		12330.099722597259		39486.20495614435		51816.30467874161
168		1.67		151.50361629852515		12449.05215124981		39724.78469671087		52173.83684796068
169		1.68		153.1938962517827		12587.942455008984		40003.0325290857		52590.97498409468
170		1.69		155.05723507336253		12741.0530059782		40309.52072877762		53050.57373475582
171		1.7		157.03104792933783		12903.24120835369		40634.57238497712		53537.81359333081
172		1.71		159.01999979865994		13066.673383455887		40962.939951881715		54029.613335337606
173		1.72		160.8687498104828		13218.58517192737		41268.80501196867		54487.39018389604
174		1.73		162.38660942578494		13343.30769651675		41520.11500527802		54863.42270179477
175		1.74		163.40625277939418		13427.09179088282		41688.79545621261		55115.88724709543
176		1.75		163.83472857753904		13462.299647216383		41759.3157932353		55221.615440451686
177		1.76		163.67737222144342		13449.369675436006		41732.56610881985		55181.93578425585
178		1.77		163.03287555660583		13396.411384486302		41625.16493354792		55021.576318034226
179		1.78		162.05472209007667		13316.0365141416		41463.048756997705		54779.08527113931
180		1.79		160.89210285020772		13220.504091201568		41271.146935524914		54491.65102672648
181		1.8		159.65528641058046		13118.874884357396		41067.32701500253		54186.20189935992
182		1.81		158.42872410062165		13018.088259348082		40865.11221148824		53883.200470836324
183		1.82		157.29262335879707		12924.734861392357		40677.91830261002		53602.653164002375
184		1.83		156.30524080594438		12843.60163702445		40515.942908711935		53359.54454573638
185		1.84		155.45964725851886		12774.119215232495		40378.22546025512		53152.34467548761
186		1.85		154.6755346993262		12709.688686243633		40250.82663551861		52960.51532176224
187		1.86		153.8606224587666		12642.727347436852		40117.349057867454		52760.07640530431
188		1.87		153.00770469293448		12572.643094618426		39975.8463018242		52548.48939644262
189		1.88		152.25133651708697		12510.492321609036		39848.83931380296		52359.33163541199
190		1.89		151.8282686723315		12475.728836805478		39776.72116496171		52252.45000176719
191		1.9		151.95138953703255		12485.845678257965		39796.121234038794		52281.96691229676
192		1.91		152.6741753506505		12545.236988562952		39916.44634482108		52461.68333338403
193		1.92		153.83997247776625		12641.030538498053		40111.125058249396		52752.15559674745
194		1.93		155.1488922106617		12748.584472950073		40329.38343769628		53077.96791064635
195		1.94		156.28472119725222		12841.915540778216		40518.14088121189		53360.056421990106
196		1.95		157.02012730161576		12902.343860373767		40639.58276813015		53541.92662850392
197		1.96		157.2681974919104		12922.727787910277		40679.385220147684		53602.11300805796
198		1.97		157.09039145864105		12908.117466156535		40647.93410062991		53556.05156678644
199		1.98		156.66834372150626		12873.43780359617		40575.77844031413		53449.2162439103
200		1.99		156.23859407549355		12838.125275183305		40502.756532044456		53340.881807227765
201		2.0		156.00674545034028		12819.074273654462		40463.414227351335		53282.4885010058
202		2.01		156.07975332026055		12825.07333032581		40475.499994184094		53300.5733245099
203		2.02		156.4472404991222		12855.26975181287		40536.947459075396		53392.217210888266
204		2.03		157.00954528801702		12901.474336316358		40630.81674882067		53532.291085137025
205		2.04		157.62680308163604		12952.194409218035		40733.64183325418		53685.836242472215
206		2.05		158.1635047471858		12996.295185076258		40822.91954552486		53819.21473060112
207		2.06		158.5119104810937		13024.923684231471		40881.04494013725		53905.968624368725
208		2.07		158.58774893861928		13031.155330286347		40894.5026907034		53925.658020989744
209		2.08		158.30924986527683		13008.271061429798		40850.02313948814		53858.29420091794
210		2.09		157.59290440810958		12949.408955214363		40733.370399898115		53682.77935511248
211		2.1		156.4049400108032		12851.793920687698		40537.642885526584		53389.43680621428
212		2.11		154.8728202198279		12725.899637463259		40282.33889973329		53008.23853719655
213		2.12		153.38449828995195		12603.604224485352		40031.43666932656		52635.040893811914
214		2.13		152.53322480835783		12533.655082502763		39885.718221922056		52419.37330442482
215		2.14		152.82792783907675		12557.870830536936		39933.25641152518		52491.12724206212
216		2.15		154.34425186884712		12682.467176063168		40187.44626698133		52869.9134430445
217		2.16		156.6498527742165		12871.91840245737		40573.72075399322		53445.63915645059
218		2.17		159.07558734580567		13071.241012204853		40978.119452230625		54049.36046443548
219		2.18		161.05375219965356		13233.786818245533		41305.79580703886		54539.5826252844
220		2.19		162.282060416297		13334.716904407127		41507.49375428893		54842.21065869606
221		2.2		162.7127093638896		13370.103328430807		41576.4403030143		54946.54363144511
222		2.21		162.4646988640115		13349.724305655825		41533.26554732978		54882.9898529856
223		2.22		161.72849489758687		13289.230425734713		41409.99599912024		54699.226424854955
224		2.23		160.70053089618196		13204.762623739272		41239.057045174195		54443.819668913464
225		2.24		159.56700637526603		13111.62091385561		41050.7333049343		54162.35421878991
226		2.25		158.52506741729073		13026.004789678778		40877.16528298068		53903.17007265946
227		2.26		157.79818720504008		12966.277042638143		40755.39181271658		53721.66885535473
228		2.27		157.6031376726358		12950.249822560483		40722.00178365217		53672.25160621265
229		2.28		158.06489073445138		12988.19207164987		40798.54737749336		53786.739449143235
230		2.29		159.13175013181134		13075.855908330937		40976.64433133631		54052.50023966725
231		2.3		160.56590757110936		13193.700625118056		41216.11856978772		54409.81919490578
232		2.31		162.0314015056586		13314.120261719967		41460.30433303917		54774.42459475913
233		2.32		163.21578984770596		13411.441451785999		41657.112583290305		55068.554035076304
234		2.33		163.9019235981229		13467.821062057757		41771.03362719159		55238.85468924935
235		2.34		163.96793433487545		13473.245164296715		41782.51775017419		55255.762914470906
236		2.35		163.35812116866944		13423.136816429569		41682.54548142177		55105.68229785134
237		2.36		162.07489965376888		13317.694504550189		41471.17348410454		54788.86798865473
238		2.37		160.20378603357244		13163.945098378648		41162.01445339427		54325.95955177292
239		2.38		157.94367107506292		12978.23145223792		40787.703054085025		53765.93450632294
240		2.39		155.60326993514613		12785.920690570958		40399.56410301164		53185.4847935826
241		2.4		153.54411520472868		12616.719946372556		40058.074601064116		52674.79454743667
242		2.41		152.08474941125147		12496.803859122534		39816.63101342902		52313.43487255155
243		2.42		151.40681075646026		12441.09763985834		39705.62571049523		52146.72335035357
244		2.43		151.50429432865255		12449.10786498538		39723.914628131395		52173.022493116776
245		2.44		152.19465846336374		12505.8350859346		39840.776802201406		52346.611888136
246		2.45		153.18213101457454		12586.97570546759		40006.6449830957		52593.620688563286
247		2.46		154.1448491907557		12666.082258004397		40167.8013849883		52833.883642992696
248		2.47		154.81245179534565		12720.939164023552		40279.42953773613		53000.36870175968
249		2.48		155.0074040266903		12736.958388873141		40312.497036773864		53049.45542564701
250		2.49		154.64300099295284		12707.015391590936		40253.13840226436		52960.153793855294
251		2.5		153.70201328539903		12629.694431661239		40098.55292677054		52728.24735843178
252		2.51		152.2413945355006		12509.675388982085		39857.36699649993		52367.04238548201
253		2.52		150.4503754798827		12362.507353181962		39559.55391708207		51922.061270264036
254		2.53		148.7241223042836		12220.661129742984		39269.90374261234		51490.564872355324
255		2.54		147.64281675689116		12131.810252913747		39086.02048271886		51217.830735632604
256		2.55		147.7594305899039		12141.392411572404		39102.858380396785		51244.250791969185
257		2.56		149.268174033679		12265.365860347403		39354.75817439104		51620.124034738445
258		2.57		151.82391859465125		12475.371390922493		39782.84917517553		52258.220566098025
259		2.58		154.7179626862597		12713.17499392996		40265.71226910166		52978.887263031625
260		2.59		157.27661128603455		12923.41914937346		40689.32534795823		53612.74449733169
261		2.6		159.14638629898488		13077.058562187587		40996.093696421485		54073.15225860907
262		2.61		160.28121702193167		13170.307602692126		41181.41351998041		54351.721122672534
263		2.62		160.7250361200088		13206.776217981125		41254.88466363612		54461.660881617245
264		2.63		160.43416524230804		13182.87535796045		41208.767661968166		54391.64301992862
265		2.64		159.32402627635676		13091.655239128235		41026.08859427609		54117.743833404325
266		2.65		157.49993742370097		12941.76985810551		40721.758675417914		53663.52853352342
267		2.66		155.41781659591518		12770.68198968635		40372.24780249661		53142.929792182964
268		2.67		153.7401152745653		12632.825272111033		40091.01794900405		52723.84322111508
269		2.68		152.97533207578863		12569.983036667552		39964.217913493674		52534.20095016123
270		2.69		153.25365355773226		12592.85271283886		40012.18181661746		52605.03452945632
271		2.7		154.36967298036004		12684.556028796185		40199.642027941525		52884.19805673771
272		2.71		155.91497352414177		12811.53337447873		40458.22511338355		53269.75848786228
273		2.72		157.41826195700008		12935.058585006696		40708.5838056235		53643.64239063019
274		2.73		158.5103044505249		13024.79171669963		40888.93611410893		53913.727830808566
275		2.74		159.02066466987384		13066.728015923534		40972.03291311525		54038.76092903878
276		2.75		158.93652095406958		13059.813926795898		40957.02219828087		54016.83612507677
277		2.76		158.3148349155696		13008.729985012355		40853.40379549644		53862.13378050879
278		2.77		157.26460998101817		12922.433002140264		40678.383044291986		53600.81604643225
279		2.78		155.9876742357844		12817.507191954404		40464.96126986598		53282.46846182038
280		2.79		154.78198847919856		12718.435993335746		40263.00848656632		52981.44447990207
281		2.8		153.96575822312252		12651.366353193978		40126.04812158938		52777.41447478336
282		2.81		153.77433795706673		12635.637349932174		40093.402078876825		52729.039428809
283		2.82		154.30124464182927		12678.933272219112		40180.28123253448		52859.21450475359
284		2.83		155.50512613140444		12777.856214217503		40379.313793251764		53157.17000746926
285		2.84		157.25478720805836		12921.625864886157		40668.45028947885		53590.07615436501
286		2.85		159.37130679216565		13095.540279112252		41018.15017414305		54113.6904532553
287		2.86		161.6445102320809		13282.329405770088		41394.00263203724		54676.332037807326
288		2.87		163.82932700776195		13461.8558002278		41755.84457122438		55217.70037145218
289		2.88		165.64352361681395		13610.928335593602		42057.19734028946		55668.12567588306
290		2.89		166.7828974863177		13704.550686450724		42247.763101388286		55952.31378783901
291		2.9		166.95674741845315		13718.835935374296		42279.25404532274		55998.08998069704
292		2.91		165.94693956516488		13635.8600240696		42114.831035004776		55750.69105907438
293		2.92		163.71152404196812		13452.175930528521		41745.68883554796		55197.864766076484
294		2.93		160.55176214640707		13192.53829557027		41219.04243509475		54411.580730665024
295		2.94		157.25837365664287		12921.920563366346		40665.55154889113		53587.47211225748
296		2.95		154.95834070997898		12732.926856138973		40277.81945500618		53010.74631114515
297		2.96		154.48076972357666		12693.684848186294		40200.441325988795		52894.12617417509
298		2.97		155.7392457079222		12797.09381981997		40417.103840923795		53214.19766074377
299		2.98		157.87884329214964		12972.904553315937		40778.04295337074		53750.94750668668
300		2.99		159.9821534905505		13145.733552318536		41127.62253671036		54273.35608902889
301		3.0		161.53328137317345		13273.189730433663		41382.08723713496		54655.27696756863
302		3.01		162.41458106182205		13345.606125849918		41524.68026222793		54870.286388077846
303		3.02		162.71469993705904		13370.266893828142		41571.761170651		54942.02806447914
304		3.03		162.56729108700995		13358.154308619607		41546.094653558655		54904.24896217826
305		3.04		162.06878242813295		13317.191852119686		41463.648199790754		54780.84005191044
306		3.05		161.25831877075515		13250.596053392952		41330.57257884183		54581.16863223478
307		3.06		160.13607987018656		13158.38168293323		41146.453944552464		54304.83562748569
308		3.07		158.6974548999352		13040.169869127676		40910.17208049867		53950.341949626345
309		3.08		156.96179539783543		12897.550727840138		40624.79145393539		53522.34218177553
310		3.09		154.98151416453166		12734.831018899567		40299.04425746842		53033.87527636799
311		3.1		152.83336686082453		12558.31775495395		39945.63668227945		52503.954437233406
312		3.11		150.6124953437593		12375.828742396701		39579.93802682834		51955.76676922504
313		3.12		148.45218272498488		12198.315854512008		39223.26702674624		51421.58288125825
314		3.13		146.56006268191936		12042.840350573315		38909.583379366624		50952.42372993994
315		3.14		145.2118672238058		11932.059129780122		38685.32447495835		50617.38360473847
316		3.15		144.64769019106112		11885.700702999493		38591.87699668468		50477.577699684174
317		3.16		144.92066672864928		11908.131185093112		38638.71563146428		50546.84681655739
318		3.17		145.8439083480187		11983.993948956697		38793.73985585342		50777.733804810116
319		3.18		147.1003221495348		12087.233471027275		39002.86075712351		51090.09422815079
320		3.19		148.40698861759637		12194.602254707894		39218.75353562224		51413.35579033014
321		3.2		149.600337989733		12292.65977261636		39414.87634417673		51707.53611679309
322		3.21		150.62503539761596		12376.859158622103		39582.748617296726		51959.60777591883
323		3.22		151.48920389102113		12447.867883725206		39724.01893384537		52171.88681757058
324		3.23		152.2354927800036		12509.190441732897		39845.715625922225		52354.90606765512
325		3.24		152.9333044366701		12566.529625561183		39959.259259749146		52525.78888531033
326		3.25		153.6713822679647		12627.17748095866		40079.50853451772		52706.686015476385
327		3.26		154.53081055244593		12697.796703094482		40220.3403407157		52918.13704381019
328		3.27		155.53840275983245		12780.590554775432		40386.701335795486		53167.291890570916
329		3.28		156.62421035512148		12869.811364880332		40567.21806289094		53437.029427771275
330		3.29		157.61601104358687		12951.307627451533		40733.049576733516		53684.35720418505
331		3.3		158.28986100938786		13006.6778791414		40846.276022074744		53852.95390121614
332		3.31		158.46825717731411		13021.336692259902		40876.42534384222		53897.76203610212
333		3.32		158.12870993024123		12993.436094967921		40818.99973250855		53812.43582747647
334		3.33		157.46154880450774		12938.6154652664		40705.778278756865		53644.39374402327
335		3.34		156.81429209583592		12885.430381514838		40595.8802781883		53481.31065970314
336		3.35		156.5183155097004		12861.109985432082		40546.04963726971		53407.15962270179
337		3.36		156.70174792644448		12876.182627115944		40577.986628517225		53454.16925563317
338		3.37		157.2331012614828		12919.843930656043		40668.6678758611		53588.51180651714
339		3.38		157.82805102088165		12968.730952385844		40769.426546698174		53738.157499084016
340		3.39		158.21006169513555		13000.120769489287		40833.78365931218		53833.90442880147
341		3.4		158.21064389392563		13000.16860876387		40834.012929995035		53834.1815387589
342		3.41		157.7879972199839		12965.439731566079		40763.65812245017		53729.09785401625
343		3.42		157.0004665137794		12900.728333437253		40632.79876075525		53533.527094192505
344		3.43		155.96843816470326		12815.926563993668		40461.591254169914		53277.517818163586
345		3.44		154.8459084007134		12723.688293286621		40275.35565404869		52999.04394733531
346		3.45		153.82124988285554		12639.492102874241		40104.56349772108		52744.05560059532
347		3.46		153.15112618886158		12584.428038938757		39990.88282054927		52575.310859488025
348		3.47		153.1810858315612		12586.889822779385		39991.771045442474		52578.66086822186
349		3.48		154.2629731889035		12675.7885069322		40167.48250516621		52843.27101209841
350		3.49		156.5478771056337		12863.53906176992		40545.15176879724		53408.69083056715
351		3.5		159.81012737982883		13131.598166800535		41087.116269534476		54218.71443633501
352		3.51		163.49756571184756		13434.594974542515		41699.57675033382		55134.17172487634
353		3.52		166.9803539064019		13720.775680489043		42276.37839931907		55997.15407980811
354		3.53		169.78716690140635		13951.41150428856		42739.281807900195		56690.693312188756
355		3.54		171.69702792448763		14108.344784555149		43052.50250351503		57160.84728807018
356		3.55		172.70890385807147		14191.490630017732		43216.8643802304		57408.35501024813
357		3.56		172.95713104204222		14211.88745772461		43255.4791200388		57467.36657776341
358		3.57		172.61711281532337		14183.948160035121		43198.02388975383		57381.97204978895
359		3.58		171.8274894475577		14119.064807905816		43067.70488645663		57186.76969436245
360		3.59		170.6506622496539		14022.364917054061		42874.61919998333		56896.98411703739
361		3.6		169.0834796283304		13893.589521059908		42617.61843010006		56511.20795115997
362		3.61		167.10811741437297		13731.274007939028		42293.03097838769		56024.304986326715
363		3.62		164.75312361413648		13537.764167373596		41905.08307345116		55442.84724082476
364		3.63		162.13199543968307		13322.386065278759		41472.42422177965		54794.81028705841
365		3.64		159.44317492953536		13101.44568395992		41028.03869900373		54129.48438296365
366		3.65		156.9369704180464		12895.510859250873		40613.600809626965		53509.11166887784
367		3.66		154.86600833428037		12725.339904827819		40271.17609098555		52996.51599581337
368		3.67		153.4336316580918		12607.641513345403		40034.6571918153		52642.298705160705
369		3.68		152.75029646907453		12551.491860863855		39922.461649138226		52473.95351000208
370		3.69		152.81107965351657		12556.486415129457		39933.6299623553		52490.11637748475
371		3.7		153.5097626190595		12613.89719440812		40050.098118573835		52663.995312981955
372		3.71		154.69031898493955		12710.903510992484		40245.47464338985		52956.37815438233
373		3.72		156.2098573730808		12835.76398034605		40495.85113273618		53331.615113082225
374		3.73		157.9762099588535		12980.905172318991		40786.19301135687		53767.09818367586
375		3.74		159.94242999670377		13142.469472829149		41109.262942439265		54251.732415268416
376		3.75		162.07034764681845		13317.320466139072		41459.29222993819		54776.61269607726
377		3.76		164.2900979830316		13499.717351265705		41825.083923918406		55324.80127518411
378		3.77		166.47725156648588		13679.435761218145		42186.172680147814		55865.608441365956
379		3.78		168.45561900927694		13841.998213992287		42513.33396745236		56355.332181444646
380		3.79		170.0220358853593		13970.710688699972		42772.784710237414		56743.49539893739
381		3.8		170.9822486436701		14049.61137105037		42932.22625448608		56981.83762553645
382		3.81		171.18542289192956		14066.306199029852		42966.607481767816		57032.91368079767
383		3.82		170.54915892391293		14014.024388777925		42862.23476092809		56876.25914970602
384		3.83		169.0744180391678		13892.844930278417		42619.16064764894		56512.00557792735
385		3.84		166.85488981162223		13710.466295821		42252.67625507997		55963.14255090097
386		3.85		164.08343001042357		13482.735443956506		41794.43576340796		55277.17120736446
387		3.86		161.0494798250737		13233.435757226305		41292.21885760094		54525.65461482725
388		3.87		158.11287199735324		12992.134692022515		40805.79588409592		53797.93057611844
389		3.88		155.64221872802563		12789.121112881867		40396.748552161655		53185.86966504352
390		3.89		153.92535614935431		12648.046514792444		40113.36723868964		52761.41375348209
391		3.9		153.0848353182919		12578.980918104047		39976.24267815989		52555.22359626394
392		3.91		153.04062854080658		12575.348447198077		39971.870775154865		52547.21922235294
393		3.92		153.54165206840597		12616.517550460918		40058.007584915045		52674.52513537597
394		3.93		154.2519683335648		12674.884237969021		40178.29097645966		52853.17521442869
395		3.94		154.85401614277467		12724.354506451795		40279.63281461844		53003.987321070235
396		3.95		155.130604119481		12747.081740497755		40325.970619948304		53073.05236044606
397		3.96		155.00055759628341		12736.395817686609		40304.197874553065		53040.59369223967
398		3.97		154.50207305811824		12695.435343185576		40221.230133779995		52916.66547696557
399		3.98		153.74137877793586		12632.92909418299		40095.15359404754		52728.08268823053
400		3.99		152.83956855179312		12558.827347900842		39946.219774339435		52505.04712224028
401		4.0		151.89788674502435		12481.44935383865		39791.31954284331		52272.76889668196
402		4.01		150.971061738704		12405.29214306931		39639.849615015584		52045.141758084894
403		4.02		150.03858120428959		12328.670217556475		39488.49951875446		51817.16973631094
404		4.03		149.01642142479827		12244.679348475674		39322.0912573866		51566.77060586227
405		4.04		147.87846071421984		12151.173116887445		39133.71886003297		51284.891976920415
406		4.05		146.8414896892012		12065.965207761663		38958.24816362023		51024.21337138189
407		4.06		146.37029614547725		12027.247234273867		38876.218379415106		50903.465613688975
408		4.07		146.83107616032024		12065.109528093515		38953.06931626235		51018.17884435586
409		4.08		148.11069655474094		12170.255935903064		39169.06014315463		51339.316079057695
410		4.09		149.70216490530146		12301.02689026862		39435.029932631274		51736.056822899896
411		4.1		151.15011934044114		12420.005306204048		39673.083955418246		52093.08926162229
412		4.11		152.33637242255324		12517.479721961201		39864.95721812784		52382.43694008904
413		4.12		153.4333448192871		12607.617943800822		40041.38674662342		52649.00469042425
414		4.13		154.71451768084202		12712.89191783479		40249.04167530853		52961.933593143316
415		4.14		156.39398642052802		12850.893864174788		40523.9359972381		53374.82986141289
416		4.15		158.53973791917548		13027.21026481865		40877.400327468764		53904.61059228741
417		4.16		161.0519933309045		13233.642292000424		41292.63888470706		54526.28117670749
418		4.17		163.69510417368636		13450.826709951809		41730.1362642035		55180.96297415531
419		4.18		166.16564697773197		13653.831212160236		42139.20143243296		55793.03264459319
420		4.19		168.16676246246206		13818.262871540508		42470.50290772659		56288.7657792671
421		4.2		169.46149587209806		13924.651115810299		42684.895788467205		56609.54690427751
422		4.21		169.89707989189378		13960.443054716912		42757.28632983521		56717.72938455212
423		4.22		169.40810931188568		13920.264342157647		42677.028898432036		56597.293240589686
424		4.23		168.0085249286427		13805.26049338657		42446.567542763805		56251.82803615037
425		4.24		165.77712748086967		13621.906565103061		42079.03882681697		55700.94539192003
426		4.25		162.8401276372091		13380.573287949472		41595.30297433822		54975.8762622877
427		4.26		159.35984453595117		13094.598425519107		41021.92380609547		54116.522231614574
428		4.27		155.54137084519834		12780.834442349947		40392.248922684674		53173.08336503462
429		4.28		151.6559639325387		12461.570556336705		39750.5622497288		52212.13280606551
430		4.29		148.0553023030733		12165.704190243532		39154.91091541957		51320.6151056631
431		4.3		145.13993170097947		11926.148187869483		38672.11187335032		50598.2600612198
432		4.31		143.26959948355636		11772.462989563826		38362.60613683855		50135.06912640238
433		4.32		142.65061160091244		11721.600755246975		38261.15138253242		49982.7521377794
434		4.33		143.26436569624838		11772.03292926073		38364.52383534987		50136.5567646106
435		4.34		144.88165264878572		11904.925398150723		38633.98971773631		50538.91511588703
436		4.35		147.15354194969436		12091.606542006386		39010.90242464185		51102.50896664824
437		4.36		149.72509654697964		12302.911183265318		39436.08943681307		51739.00062007838
438		4.37		152.31262344214474		12515.528268241032		39862.885287538586		52378.41355577962
439		4.38		154.71499012728745		12712.930738759209		40258.806846889136		52971.73758564834
440		4.39		156.77469587701546		12882.176760214361		40598.51394912601		53480.69070934037
441		4.4		158.3407471873188		13010.859196381987		40857.06392130768		53867.923117689665
442		4.41		159.28250784165374		13088.243669348689		41012.188928223324		54100.43259757201
443		4.42		159.55366046858055		13110.524280703263		41055.494151401675		54166.01843210494
444		4.43		159.25292990508996		13085.813250301242		41003.15081653064		54088.964066831875
445		4.44		158.6247636394538		13034.196828253918		40896.18204931765		53930.378877571566
446		4.45		157.9848715581454		12981.616895932806		40787.82062895223		53769.437524885034
447		4.46		157.60506856131175		12950.408483682986		40723.831930739376		53674.24041442236
448		4.47		157.61981654394995		12951.620325416368		40726.538925168825		53678.159250585195
449		4.48		158.00415335532472		12983.201281207032		40791.20445001378		53774.40573122081
450		4.49		158.62336316662797		13034.08175140182		40894.773906212846		53928.855657614666
451		4.5		159.30977143740873		13090.483919011876		41009.07839035926		54099.56230937113
452		4.51		159.91902795767734		13140.546527282348		41110.26932542319		54250.81585270554
453		4.52		160.34707915369847		13175.719494059404		41181.47307948749		54357.1925735469
454		4.53		160.51645869564655		13189.637411021276		41210.298501043995		54399.93591206527
455		4.54		160.35244933718306		13176.160762036332		41184.65593148023		54360.816693516565
456		4.55		159.77314115852963		13128.55900899638		41090.81715734663		54219.37616634301
457		4.56		158.7192747692478		13041.962807789092		40918.05483682752		53960.017644616615
458		4.57		157.24005122513475		12920.415009169323		40672.95117750006		53593.36618666938
459		4.58		155.6048096456778		12786.047208585345		40399.053455681256		53185.1006642666
460		4.59		154.3264404538609		12681.003612093751		40182.71335644356		52863.71696853731
461		4.6		153.959876366131		12650.883041004985		40119.76177946495		52770.64482046993
462		4.61		154.73099793475538		12714.24610029885		40250.200230188704		52964.44633048755
463		4.62		156.31991938349097		12844.807775741452		40519.31881210353		53364.12658784498
464		4.63		158.02463576926547		12984.884321160544		40807.27858757565		53792.162908736194
465		4.64		159.12859453414634		13075.596612870806		40993.443547750096		54069.040160620905
466		4.65		159.17403565122763		13079.330509461375		41001.92966442071		54081.26017388209
467		4.66		158.04734395560308		12986.750252831906		40814.82301328713		53801.57326611904
468		4.67		155.92192999423372		12812.104987626184		40462.250615265264		53274.355602891446
469		4.68		153.1226658394141		12582.089452024658		39998.9630676672		52581.05251969186
470		4.69		150.01591132872412		12326.80743388126		39484.76358921564		51811.5710230969
471		4.7		147.0248706738876		12081.033623273344		38987.77584179865		51068.809465071994
472		4.71		144.70038736054772		11890.030829416206		38599.15595060937		50489.18678002557
473		4.72		143.63530720028533		11802.513192647446		38419.842091076745		50222.35528372419
474		4.73		144.18438648055348		11847.63103710708		38510.9009876046		50358.532024711676
475		4.74		146.24999355220464		12017.361970184655		38855.342387754725		50872.70435793938
476		4.75		149.34832973465677		12271.952254296746		39370.659026481706		51642.61128077845
477		4.76		152.85642386411		12560.21234891392		39952.18043351857		52512.39278243249
478		4.77		156.22855273372159		12837.300178129903		40509.3029766062		53346.603154736105
479		4.78		159.10077742956304		13073.310881387195		40982.18608809993		54055.496969487125
480		4.79		161.30808278956857		13254.685162818849		41344.13165797509		54598.816820793945
481		4.8		162.85238942729785		13381.580839241065		41596.07736917466		54977.65820841573
482		4.81		163.8470392486033		13463.311215057733		41757.3193750755		55220.63059013324
483		4.82		164.453816592149		13513.170109376882		41855.067625747404		55368.23773512429
484		4.83		164.82348238733385		13543.545547767222		41914.578535700384		55458.12408346761
485		4.84		165.04981041961614		13562.142922179859		41951.489769416825		55513.632691596686
486		4.85		165.14747808611278		13570.168274335887		41968.098295128664		55538.266569464555
487		4.86		165.06096315637896		13563.05934255966		41954.84541883973		55517.90476139939
488		4.87		164.70178725750574		13533.545858949246		41896.61418669198		55430.16004564123
489		4.88		163.9986617746492		13475.770038022925		41781.22838206783		55256.99842009075
490		4.89		162.93857229931945		13388.662485835079		41606.3864415823		54995.048927417374
491		4.9		161.5826199728792		13277.243883171484		41382.27506893295		54659.51895210443
492		4.91		160.05500444138946		13151.719714948973		41129.602846799906		54281.32256174888
493		4.92		158.51721417904537		13025.359489092158		40875.168230835116		53900.527719927275
494		4.93		157.14235181759696		12912.387048851942		40647.606761950556		53559.993810802494
495		4.94		156.09244888319984		12826.11652473253		40473.84106450272		53299.957589235244
496		4.95		155.48726403081042		12776.388485411693		40374.0675181327		53150.456003544394
497		4.96		155.35963083760262		12765.900865925809		40354.140846393224		53120.041712319035
498		4.97		155.6205927962637		12787.344110068989		40399.34314628487		53186.687256353856
499		4.98		156.07171685701357		12824.412974140805		40476.26295984669		53300.67593398749
500		4.99		156.47360808150512		12857.436376057276		40544.52952210144		53401.96589815871
501		5.0		156.63340361855867		12870.566775336967		40571.85596478116		53442.42274011813
502		5.01		156.45737475581208		12856.10248368508		40543.022769101604		53399.12525278668
503		5.02		155.9400184182331		12813.591313426215		40457.891100395704		53271.48241382192
504		5.03		155.10584149668045		12745.046995782233		40321.19349245997		53066.240488242205
505		5.04		153.95668306686167		12650.620647604024		40133.175784391955		52783.79643199598
506		5.05		152.47970971500294		12529.257747281792		39890.73940162684		52419.99714890863
507		5.06		150.7254454198772		12385.109850151308		39600.98989120065		51986.09974135195
508		5.07		148.8918064259884		12234.439734023466		39296.44520516148		51530.88493918494
509		5.08		147.30312305908447		12103.89762176497		39032.48565726644		51136.38327903141
510		5.09		146.23305229784006		12015.969907313518		38856.731485958284		50872.701393271804
511		5.1		145.7046447872092		11972.55066216498		38772.956902032216		50745.50756419719
512		5.11		145.49699289114687		11955.487905865539		38741.77324993513		50697.261155800676
513		5.12		145.37954334216175		11945.837076425432		38722.575419312016		50668.412495737444
514		5.13		145.32636566239927		11941.46746647935		38711.413979143006		50652.881445622355
515		5.14		145.50405103420053		11956.067873480257		38738.143185783		50694.21105926326
516		5.15		146.08690752543225		12003.96119136477		38833.2719482982		50837.23313966297
517		5.16		147.10881711765558		12087.93150255776		39002.06848176631		51089.99998432407
518		5.17		148.4745321048036		12200.152303051711		39227.5025978653		51427.65490091701
519		5.18		150.06147965387723		12330.551783159091		39488.73495253453		51819.28673569362
520		5.19		151.78177502724444		12471.908453988675		39771.629917329505		52243.53837131818
521		5.2		153.56730667494773		12618.625589480456		40065.591182672724		52684.21677215318
522		5.21		155.3251253326723		12763.065548585682		40355.66359126292		53118.729139848605
523		5.22		156.9129015585345		12893.53312106478		40618.27354420604		53511.806665270815
524		5.23		158.15760676687896		12995.810548034444		40824.28148040216		53820.09202843661
525		5.24		158.9162148193019		13058.145371702038		40949.30647608079		54007.451847782824
526		5.25		159.14825451498348		13077.212073496194		40986.21007797786		54063.42215147406
527		5.26		158.9551726921167		13061.346540111228		40951.88061073852		54013.22715084974
528		5.27		158.5600860595135		13028.882271510225		40883.80356258699		53912.68583409721
529		5.28		158.2347044953999		13002.145668387011		40827.723255204226		53829.86892359124
530		5.29		158.20217571251024		12999.472778296968		40821.27232795396		53820.74510625092
531		5.3		158.55241946920464		13028.252307784545		40879.67291699858		53907.925224783125
532		5.31		159.20380684018582		13081.776808058068		40989.230009253486		54071.00681731156
533		5.32		159.9280990779637		13141.291901236278		41111.56892651972		54252.860827756
534		5.33		160.42698630885252		13182.285464998411		41196.61504489442		54378.90050989283
535		5.34		160.42713494119533		13182.29767811802		41198.58321584924		54380.88089396726
536		5.35		159.7613662408865		13127.591464013645		41089.487477530056		54217.0789415437
537		5.36		158.41714418678566		13017.13673782818		40867.19294254897		53884.32968037715
538		5.37		156.54200377616186		12863.05645028722		40556.41162453309		53419.46807482031
539		5.38		154.3993898454993		12686.997863604676		40201.36530896132		52888.363172565994
540		5.39		152.2864935151652		12513.381172141126		39851.778123330114		52365.15929547124
541		5.4		150.45714549529902		12363.06364534872		39549.60007733387		51912.663722682584
542		5.41		149.0942026337068		12251.070630411688		39324.563405608824		51575.634036020514
543		5.42		148.32458651623006		12187.831274038625		39197.36216871511		51385.193442753734
544		5.43		148.2284743125459		12179.933734261896		39181.42141321186		51361.355147473754
545		5.44		148.82313565945498		12228.797057137415		39279.770905071		51508.56796220841
546		5.45		150.05039916218286		12329.641299156567		39482.70045035745		51812.34174951402
547		5.46		151.78799727956346		12472.419736461728		39769.919869372636		52242.339605834364
548		5.47		153.86701499353407		12643.252622018694		40113.674270758966		52756.92689277766
549		5.48		156.07814560261954		12824.941224167247		40479.559670629365		53304.50089479661
550		5.49		158.18046547127966		12997.68884777505		40827.62833109709		53825.31717887214
551		5.5		159.93659323140767		13141.98986582477		41118.135622594134		54260.125488418904
552		5.51		161.1757399302179		13243.810550066006		41322.23580776674		54566.04635783275
553		5.52		161.8567288755777		13299.76741170622		41432.8543700413		54732.62178174752
554		5.53		162.08844748552409		13318.807729885513		41468.44581100759		54787.2535408931
555		5.54		162.0781706323109		13317.963280856986		41464.38345407869		54782.34673493568
556		5.55		162.0208550480344		13313.253659296986		41454.05378833751		54767.30744763449
557		5.56		161.98798389588345		13310.552636724742		41449.77460442496		54760.3272411497
558		5.57		161.88197521805873		13301.841903667886		41434.962715846494		54736.80461951438
559		5.58		161.48458270544143		13269.188160906122		41372.36014887375		54641.54830977987
560		5.59		160.57685583443288		13194.600243915349		41224.396139704724		54418.99638362008
561		5.6		159.0745867980283		13071.158797193984		40976.1839916186		54047.34278881259
562		5.61		157.1131152643328		12909.984681270227		40650.1313375687		53560.11601883893
563		5.62		155.02473379391074		12738.382375845646		40302.488615402886		53040.870991248536
564		5.63		153.1961485154713		12588.127523516276		39999.08302624301		52587.210549759286
565		5.64		151.88199508723713		12480.143536318275		39782.943156791196		52263.08669310947
566		5.65		151.10667144481906		12416.435192620782		39657.38989414414		52073.82508676492
567		5.66		150.7125605752724		12384.051102470134		39595.036483989235		51979.08758645937
568		5.67		150.48017479604982		12364.955962991415		39558.855490712565		51923.81145370398
569		5.68		150.21788720017318		12343.40379123823		39517.13395513456		51860.53774637279
570		5.69		149.7934277117749		12308.525955076544		39448.185776923994		51756.711732000535
571		5.7		149.136399890149		12254.537978973543		39340.44046332235		51594.9784422959
572		5.71		148.23878712704277		12180.781138229104		39192.52192872724		51373.303066956345
573		5.72		147.15735506175818		12091.91986542467		39013.7617879527		51105.681653377374
574		5.73		146.01005137271628		11997.645921296096		38823.680060413		50821.325981709095
575		5.74		144.96112332226053		11911.455503390149		38649.493613654544		50560.94911704469
576		5.75		144.19854145382808		11848.794151261054		38522.29861653461		50371.092767795664
577		5.76		143.91094403569448		11825.162271413017		38473.30548612021		50298.46775753323
578		5.77		144.26187386113423		11853.9981751694		38529.77941587181		50383.77759104121
579		5.78		145.3521576842898		11943.586796918094		38708.78137715572		50652.36817407381
580		5.79		147.17975307347083		12093.760310047099		39010.13782587979		51103.898135926895
581		5.8		149.6285029422789		12294.974086767059		39414.37365032655		51709.347737093616
582		5.81		152.50067554202582		12530.980509288262		39888.397164689064		52419.377673977324
583		5.82		155.5687664460873		12783.085538874993		40394.476549632156		53177.56208850715
584		5.83		158.61016836817137		13032.99753481264		40896.073538197714		53929.07107301035
585		5.84		161.41184410480753		13263.211230092034		41358.387913806764		54621.5991438988
586		5.85		163.76094916280897		13456.237192708013		41746.485186981445		55202.722379689454
587		5.86		165.44688145654425		13594.77024928424		42025.48663107458		55620.25688035882
588		5.87		166.28658467958718		13663.768663121678		42164.86186719898		55828.63053032066
589		5.88		166.16333421877425		13653.641172756681		42145.0511833273		55798.69235608398
590		5.89		165.05992125514555		13562.973729535312		41963.04934194514		55526.02307148045
591		5.9		163.07412107796327		13399.800528976242		41634.950007546904		55034.75053652315
592		5.91		160.4143771811783		13181.249372977421		41195.234311103275		54376.4836840807
593		5.92		157.37492610182366		12931.49767778685		40692.73873993497		53624.23641772182
594		5.93		154.28818861517533		12677.860458508958		40182.76974508011		52860.63020358907
595		5.94		151.46211421835602		12445.641925322314		39716.52143904974		52162.163364372056
596		5.95		149.1250467271026		12253.605089566023		39331.77532161381		51585.38041117983
597		5.96		147.39622991283866		12111.548211937952		39048.14465497412		51159.692866912075
598		5.97		146.2787693241256		12019.726475363399		38866.03690231196		50885.76337767536
599		5.98		145.6706854866467		11969.76022643776		38768.231060893435		50737.9912873312
600		5.99		145.40926056930053		11948.278940979424		38727.045599749734		50675.324540729154
601		6.0		145.34953363234823		11943.371178570054		38717.87353191647		50661.24471048653
602		6.01		145.42805002047015		11949.822870182034		38730.38286660569		50680.20573678772
603		6.02		145.66054462985028		11968.926952234797		38767.88219838629		50736.809150621084
604		6.03		146.09064549092895		12004.268339989632		38837.9958599657		50842.26419995533
605		6.04		146.7518070862666		12058.595988278528		38946.14834362891		51004.74433190744
606		6.05		147.66476571255444		12133.6137986006		39095.673414065124		51229.287212665724
607		6.06		148.83898306849713		12230.09923873841		39288.3464897832		51518.44572852161
608		6.07		150.2569729455053		12346.615466932171		39521.54070723052		51868.15617416269
609		6.08		151.8567442731727		12478.0686769266		39785.111442551286		52263.18011947788
610		6.09		153.53083152016302		12615.628426011795		40061.22020350826		52676.84862952006
611		6.1		155.14519761699862		12748.280888188776		40327.504959310245		53075.78584749902
612		6.11		156.5710450582419		12865.442772435737		40562.48294675061		53427.92571918635
613		6.12		157.71360516685715		12959.326936560652		40750.50248965007		53709.82942621072
614		6.13		158.5206473625461		13025.641593780414		40883.17180014573		53908.81339392614
615		6.14		158.9683242489587		13062.427203536938		40956.84405807814		54019.271261615075
616		6.15		159.0387126765842		13068.211020634924		40968.73310270368		54036.9441233386
617		6.16		158.70573112921136		13040.849926887298		40914.52374688477		53955.37367377207
618		6.17		157.93712586022514		12977.6936319347		40788.72166436613		53766.41529630083
619		6.18		156.71205199227845		12877.029312205521		40587.57078120681		53464.60009341233
620		6.19		155.05069917338858		12740.515951077341		40313.9774937539		53054.49344483124
621		6.2		153.0495689079544		12576.083077166615		39983.43471938551		52559.51779655212
622		6.21		150.90930139982544		12400.217296023657		39628.83958257522		52029.05687859888
623		6.22		148.93293709756202		12237.819441306672		39300.51753324316		51538.336974549835
624		6.23		147.4704224765105		12117.644614894867		39057.19997217526		51174.844587070125
625		6.24		146.80818657555162		12063.228690913076		38947.31887560742		51010.5475665205
626		6.25		147.05479671663915		12083.49264620624		38989.13487951666		51072.6275257229
627		6.26		148.10560197796127		12169.837314529079		39164.48910978944		51334.326424318526
628		6.27		149.71705898902675		12302.250737128328		39431.92236024249		51734.17309737082
629		6.28		151.62361782208052		12458.912676440355		39747.10011193169		52206.01278837205
630		6.29		153.60471565589683		12621.699485445042		40074.02167001316		52695.7211554582
631		6.3		155.47953446080905		12775.75334664468		40383.478510727735		53159.23185737242
632		6.31		157.0758400851654		12906.921779798042		40647.33497489355		53554.256754691596
633		6.32		158.22011630307532		13000.946956623698		40836.85630018316		53837.80325680686
634		6.33		158.75733410289706		13045.090143235053		40926.21912469604		53971.309267931094
635		6.34		158.58207571266448		13030.68916130964		40897.83695292989		53928.526114239525
636		6.35		157.66333526368516		12955.196258617008		40746.48289816018		53701.67915677719
637		6.36		156.05729419802492		12823.227864251709		40481.34842628791		53304.57629053961
638		6.37		153.90959876998332		12646.751730929529		40126.410370505786		52773.162101435315
639		6.38		151.44730879056394		12444.425363320639		39719.16732642052		52163.592689741155
640		6.39		148.95620190641273		12239.731110649935		39306.97994902397		51546.7110596739
641		6.4		146.73907353329162		12057.549672230572		38940.197507503864		50997.74717973443
642		6.41		145.05890247935108		11919.490016728278		38662.63346910323		50582.12348583151
643		6.42		144.08358067227167		11839.347823840562		38502.20961438552		50341.55743822608
644		6.43		143.85476197245967		11820.54579127701		38465.67786516727		50286.22365644429
645		6.44		144.29363156888726		11856.607706015468		38539.65782230046		50396.265528315926
646		6.45		145.23626824443178		11934.06416164496		38696.71226359971		50630.776425244665
647		6.46		146.47819172023512		12036.11301365172		38902.8252621414		50938.938275793116
648		6.47		147.81576863833772		12146.02170901221		39124.103962705376		51270.125671717586
649		6.48		149.08827608700216		12250.583646068968		39333.67715527449		51584.26080134346
650		6.49		150.21731302696045		12343.35661142534		39518.526915717535		51861.883527142876
651		6.5		151.21728565680345		12425.52436241954		39681.50426086511		52107.028623284656
652		6.51		152.1579622795606		12502.819760511495		39834.88105989733		52337.70082040882
653		6.52		153.10152139868174		12580.352013329679		39989.40278472003		52569.754798049704
654		6.53		154.0594736087034		12659.066946427158		40146.960775067964		52806.02772149512
655		6.54		154.9898946055343		12735.519639736753		40300.419732845825		53035.93937258258
656		6.55		155.8167180766375		12803.459724357304		40437.129472842724		53240.589197200025
657		6.56		156.4459837354841		12855.16648354473		40541.59483141851		53396.76131496324
658		6.57		156.77659864935612		12882.333111017593		40597.027985942594		53479.36109696019
659		6.58		156.7194934438341		12877.640776279848		40588.40844082862		53466.04921710847
660		6.59		156.22991556832682		12837.412162249415		40508.006826878685		53345.4189891281
661		6.6		155.3347414374722		12763.85570391709		40360.26093634546		53124.11664026255
662		6.61		154.12529537465218		12664.47552093517		40160.75734267071		52825.23286360588
663		6.62		152.70782072206998		12548.00162873249		39927.613283860686		52475.61491259318
664		6.63		151.1517544326258		12420.139661728863		39672.1546307198		52092.29429244866
665		6.64		149.49522984443254		12284.023036317023		39399.73430921279		51683.75734552981
666		6.65		147.80990060966872		12145.539533096478		39121.43016539378		51266.969698490255
667		6.66		146.2473447404814		12017.144317325357		38862.66989344877		50879.81421077413
668		6.67		144.99465357720868		11914.210684439237		38655.635094999714		50569.845779438954
669		6.68		144.16245939107955		11845.829288165007		38519.54190741378		50365.37119557879
670		6.69		143.7064144076969		11808.356071880455		38446.73656360623		50255.09263548668
671		6.7		143.45968906437074		11788.082650419343		38408.27891725307		50196.361567672415
672		6.71		143.25860400123614		11771.559490781574		38375.73543463668		50147.29492541825
673		6.72		143.068273464608		11755.92003058684		38342.95444083085		50098.87447141769
674		6.73		143.0145788825762		11751.507946781287		38331.65781105555		50083.16575783683
675		6.74		143.29755082412666		11774.759751218488		38376.34760356668		50151.10735478517
676		6.75		144.05649273363625		11837.12200792289		38500.78430472248		50337.90631264537
677		6.76		145.2919821768168		11938.642175469035		38704.77728267774		50643.419458146775
678		6.77		146.88232375297343		12069.320542781828		38967.51367083615		51036.834213617985
679		6.78		148.65198468411694		12214.733581493889		39259.49058442057		51474.224165914464
680		6.79		150.43348198076112		12361.119214359142		39553.027366582144		51914.146580941284
681		6.8		152.09125126602945		12497.33811652964		39826.04199783324		52323.38011436288
682		6.81		153.51658003467085		12614.457381448905		40060.757331487715		52675.21471293662
683		6.82		154.62608563370216		12705.625456521306		40243.2498184776		52948.87527499891
684		6.83		155.38097607799702		12767.654804329015		40366.772961609175		53134.42776593819
685		6.84		155.81705644393304		12803.487527997979		40436.93257409513		53240.42010209311
686		6.85		156.0643369442373		12823.806566707979		40475.15532634968		53298.96189305766
687		6.86		156.33336293727015		12845.912432555488		40516.701737145544		53362.61416970103
688		6.87		156.84992615043714		12888.35843178142		40599.883161813144		53488.24159359456
689		6.88		157.7497708269938		12962.29866885408		40748.047864479406		53710.34653333349
690		6.89		158.9929285297118		13064.44893728642		40954.62877351952		54019.07771080594
691		6.9		160.36414769986686		13177.12201649806		41183.1761303021		54360.29814680016
692		6.91		161.5628701747766		13275.621042261395		41382.95885011945		54658.57989238085
693		6.92		162.321181070512		13337.931448563973		41509.062327100386		54846.99377566436
694		6.93		162.4890653768485		13351.726502015641		41536.538203621494		54888.264705637135
695		6.94		162.06736738217128		13317.075577793014		41465.686216877446		54782.761794670456
696		6.95		161.19513945621017		13245.40460911679		41319.88055215263		54565.28516126942
697		6.96		160.10079975785882		13155.482716103259		41137.468258010755		54292.950974114014
698		6.97		159.02738155597444		13067.279942454421		40959.27544995991		54026.55539241433
699		6.98		158.1529736997543		12995.429848908812		40815.16316107162		53810.59300998043
700		6.99		157.53816818389606		12944.91127967074		40715.0795994398		53659.99087911054
701		7.0		157.12547888080434		12911.000599635692		40648.98837195821		53559.9889715939
702		7.01		156.78686097687734		12883.17636647001		40595.12435627524		53478.300722745254
703		7.02		156.38203800417972		12849.912062803447		40530.15980703289		53380.071869836334
704		7.03		155.7824164764569		12800.641161870462		40433.28524532846		53233.92640719892
705		7.04		154.85147719496388		12724.145881110182		40282.41165776478		53006.557538874964
706		7.05		153.42667304473918		12607.069724086217		40050.46511318327		52657.534837269486
707		7.06		151.35650473817128		12436.963994335534		39711.49374479792		52148.45773913345
708		7.07		148.59310137110842		12209.895139663979		39256.51795281569		51466.41309247966
709		7.08		145.2919807350492		11938.642056998993		38710.39902447248		50649.04108147147
710		7.09		141.8706708309166		11657.513022176416		38141.839229277		49799.35225145341
711		7.1		138.97714777667755		11419.752232809595		37659.14341838697		49078.895651196566
712		7.11		137.2977536861694		11281.75642039254		37378.935573206356		48660.6919935989
713		7.12		137.22664911033755		11275.913757396436		37368.77345397699		48644.68721137343
714		7.13		138.6468137402685		11392.608685037863		37607.72796028231		49000.336645320174
715		7.14		141.05403040169148		11590.40967810699		38008.95120641045		49599.36088451744
716		7.15		143.87410221920862		11822.134979352373		38476.13399476139		50298.26897411376
717		7.16		146.65878634167774		12050.95247369566		38936.054749738716		50987.007223434375
718		7.17		149.0935679976539		12251.01848236722		39337.84042606009		51588.85890842731
719		7.18		150.94877496635212		12403.460838985153		39643.91705049297		52047.37788947813
720		7.19		152.0658584483505		12495.251588700961		39827.960919203644		52323.21250790461
721		7.2		152.37647300709602		12520.77478699308		39878.483364367836		52399.25815136092
722		7.21		151.9217154702233		12483.407360188248		39802.19811460261		52285.60547479086
723		7.22		150.85273259030015		12395.569036944964		39624.12222833177		52019.691265276735
724		7.23		149.41084214364497		12277.088898943308		39384.250607835995		51661.3395067793
725		7.24		147.89199356139798		12152.285110940073		39131.66399058267		51283.94910152274
726		7.25		146.60140345013315		12046.237321497441		38916.99057650884		50963.227898006284
727		7.26		145.80735723601487		11980.990544083343		38784.642699954245		50765.633244037585
728		7.27		145.7084980473142		11972.867284547809		38767.29360921006		50740.160893757864
729		7.28		146.424536423742		12031.704157938882		38884.475952347515		50916.1801102864
730		7.29		147.99981362382852		12161.14468546999		39143.53176567664		51304.67645114663
731		7.3		150.39396630813619		12357.87221153955		39538.214912373325		51896.087123912876
732		7.31		153.45283905159192		12609.219784869309		40043.49317694443		52652.71296181374
733		7.32		156.89171425536816		12891.792160363602		40612.251492183335		53504.04365254694
734		7.33		160.3295991695368		13174.28316376084		41180.95898704018		54355.24215080102
735		7.34		163.37188162994465		13424.267513532553		41683.80867087531		55108.076184407866
736		7.35		165.69864653093163		13615.457785446652		42067.688232646826		55683.14601809348
737		7.36		167.12028331107373		13732.273679670929		42301.35504572617		56033.6287253971
738		7.37		167.59229388415523		13771.058788461036		42377.70017878927		56148.75896725031
739		7.38		167.20027459860233		13738.846563767154		42311.15867230509		56050.00523607225
740		7.39		166.12629686054058		13650.59781303062		42132.12791832726		55782.72573135788
741		7.4		164.6040017219856		13525.510821495558		41879.5023490972		55405.01317059276
742		7.41		162.87162738133637		13383.16162192441		41592.811746116735		54975.973368041145
743		7.42		161.13543898744368		13240.499021598247		41306.10357875724		54546.60260035549
744		7.43		159.5521770363401		13110.402387076068		41045.096878953846		54155.49926602992
745		7.44		158.22781934641137		13001.579915694623		40827.121687052095		53828.70160274672
746		7.45		157.22186318535017		12918.920497940224		40661.91536035484		53580.83585829506
747		7.46		156.55032521191066		12863.740222662698		40552.05540481431		53415.79562747701
748		7.47		156.19075508398802		12834.194345251295		40493.710580731735		53327.90492598303
749		7.48		156.0935862671408		12826.20998357096		40478.58448771596		53304.79447128692
750		7.49		156.1942469269852		12834.481269990374		40496.04472413429		53330.52599412466
751		7.5		156.4162797502524		12852.72570707824		40533.64265433315		53386.36836141138
752		7.51		156.66490444558323		12873.155198293574		40575.91663036759		53449.07182866117
753		7.52		156.8206697044533		12885.954429614929		40603.21816305508		53489.17259267
754		7.53		156.7432902998089		12879.596163935297		40592.308263434745		53471.90442737004
755		7.54		156.28820793427647		12842.202045959497		40519.15851293636		53361.36055889586
756		7.55		155.32980268425135		12763.449886564933		40362.88200836908		53126.33189493402
757		7.56		153.7836155282572		12636.399687956895		40109.371130164116		52745.77081812101
758		7.57		151.6283098819872		12459.29822300289		39754.80663718995		52214.104860192834
759		7.58		148.93266987786978		12237.79748386456		39310.173230607004		51547.970714471565
760		7.59		145.87867280651128		11986.850544511031		38805.39704204249		50792.24758655352
761		7.6		142.75479975856524		11730.161896161306		38288.45508233265		50018.616978493956
762		7.61		139.90514825246186		11496.006031904792		37816.770032956854		49312.776064861646
763		7.62		137.65312162556086		11310.957003972337		37444.23254417206		48755.18954814439
764		7.63		136.23317373619201		11194.279885902899		37209.818633771545		48404.098519674444
765		7.64		135.74635113621045		11154.277672862414		37130.39782278921		48284.67549565162
766		7.65		136.13480629514103		11186.19703327174		37196.608275793056		48382.805309064795
767		7.66		137.17245894480155		11271.460951494344		37371.17292860874		48642.63388010309
768		7.67		138.48315823706437		11379.16111233958		37591.68877983791		48970.84989217749
769		7.68		139.6005247187922		11470.975116143156		37780.45226133137		49251.42737747452
770		7.69		140.06869597661643		11509.444748398571		37861.2388023576		49370.68355075617
771		7.7		139.56427303711652		11467.996315459864		37779.64150090315		49247.637816363014
772		7.71		138.01094600315116		11340.359433078931		37522.21750212975		48862.57693520868
773		7.72		135.6546716066986		11146.744365922425		37129.29246440814		48276.036830330566
774		7.73		133.05763374225776		10933.345764601321		36694.529465561944		47627.87523016326
775		7.74		130.96979839158004		10761.788333836132		36343.88074106632		47105.66907490246
776		7.75		130.08588559963164		10689.157219721732		36194.51131265965		46883.66853238138
777		7.76		130.7878730342449		10746.839527223905		36310.63753933895		47057.47706656286
778		7.77		133.01938731092832		10930.203055338981		36682.01075788827		47612.21381322725
779		7.78		136.36050418434817		11204.74262882789		37237.1700047907		48441.91263361859
780		7.79		140.2312764416964		11522.803985214192		37878.618268411374		49401.42225362557
781		7.8		144.08681044949256		11839.613214634805		38515.87616979599		50355.489384430795
782		7.81		147.516210086204		12121.406982783385		39081.602540011816		51203.0095227952
783		7.82		150.24729261739952		12345.820034371718		39531.64624209745		51877.46627646917
784		7.83		152.11133093806797		12498.988063181045		39838.6184531408		52337.606516321845
785		7.84		153.019982089504		12573.651928294545		39987.88524126768		52561.53716956222
786		7.85		152.97422483132536		12569.892054390004		39979.22106694643		52549.113121336435
787		7.86		152.09160793260983		12497.36742382255		39831.67438079599		52329.04180461854
788		7.87		150.6205983045716		12376.494562686648		39586.2930120689		51962.787574755544
789		7.88		148.91286558750673		12236.170165325428		39301.70855773261		51537.878723058035
790		7.89		147.3455426065341		12107.383235978908		39041.0454326758		51148.428668654706
791		7.9		146.22132907005067		12015.006609686065		38854.857441662636		50869.864051348704
792		7.91		145.69775857976245		11971.98482249908		38769.06174699674		50741.04656949582
793		7.92		145.78210793274556		11978.915808833703		38784.13829512545		50763.05410395915
794		7.93		146.39070600579063		12028.924312495816		38885.25936333632		50914.18367583214
795		7.94		147.43909523541313		12115.070455493897		39057.69185346976		51172.76230896366
796		7.95		148.91251088628553		12236.141019526083		39298.900537375295		51535.04155690138
797		7.96		150.87173332979026		12397.130327708866		39619.714760478106		52016.84508818697
798		7.97		153.37788334030924		12603.060674073211		40031.696157791426		52634.75683186464
799		7.98		156.36555084219478		12848.557312703146		40525.33303183622		53373.890344539366
800		7.99		159.5477290538919		13110.036896358299		41053.20345927356		54163.24035563186
801		8.0		162.4433835522617		13347.972826489346		41534.441705440644		54882.414531929986
802		8.01		164.5293398577189		13519.375856108762		41881.04924469207		55400.42510080083
803		8.02		165.41534399740925		13592.178816267118		42027.86808941335		55620.04690568047
804		8.03		164.9446780502302		13553.504195387417		41949.18601676528		55502.690212152695
805		8.04		163.20318520746272		13410.405728497213		41659.69715916566		55070.10288766288
806		8.05		160.4723672012675		13186.01441292815		41206.40265257512		54392.417065503265
807		8.06		157.16027644087123		12913.85991514639		40657.14797975968		53571.00789490607
808		8.07		153.72397318108992		12631.49887629016		40087.869421519186		52719.36829780934
809		8.08		150.58895660277827		12373.89456405029		39569.24976706736		51943.144331117655
810		8.09		148.07670095461071		12167.462517440363		39154.61365935163		51322.07617679199
811		8.1		146.35663135486934		12026.124398429612		38871.935846888045		50898.060245317654
812		8.11		145.43143075836858		11950.100665415146		38721.498003611865		50671.59866902701
813		8.12		145.15205901379073		11927.144689163184		38678.42695369549		50605.571642858675
814		8.13		145.25759338733275		11935.816448637132		38699.18303165432		50634.99948029145
815		8.14		145.4419025466376		11950.961132257213		38732.47783183382		50683.43896409104
816		8.15		145.4452467909877		11951.23592881546		38734.55370871837		50685.78963753383
817		8.16		145.14769654507685		11926.786225108965		38685.06192026065		50611.848145369615
818		8.17		144.61851603768187		11883.303462816319		38595.74656224812		50479.05002506444
819		8.18		144.07738559449365		11838.838774299544		38504.136559921106		50342.97533422065
820		8.19		143.76973897816643		11813.559451835936		38452.19037756473		50265.749829400665
821		8.2		143.82941028478905		11818.462643101117		38462.53115846158		50280.9938015627
822		8.21		144.22120744099917		11850.656615426902		38528.75984158459		50379.416457011495
823		8.22		144.78568804050022		11897.039986287902		38623.61124851014		50520.651234798046
824		8.23		145.32917667276914		11941.698447201441		38714.48943196004		50656.18787916149
825		8.24		145.69660560377918		11971.890082462536		38775.61314455976		50747.503227022295
826		8.25		145.80558838269116		11980.845197405732		38793.47476511994		50774.319962525675
827		8.26		145.64996572546426		11968.057683661398		38767.21940792816		50735.27709158956
828		8.27		145.28949764968374		11938.438021874514		38706.79052556605		50645.228547440565
829		8.28		144.8392533860734		11901.441450733651		38631.14238961947		50532.58384035312
830		8.29		144.46220415106288		11870.459315092838		38567.12952001589		50437.588835108734
831		8.3		144.35688009035087		11861.80483702413		38547.64739029468		50409.45222731881
832		8.31		144.72766850790885		11892.27252129487		38606.80324753262		50499.07576882749
833		8.32		145.73603327142422		11975.129853912928		38771.69328397024		50746.82313788317
834		8.33		147.45013388449266		12115.977501288762		39053.813475494026		51169.79097678279
835		8.34		149.8177428443582		12310.523929520914		39444.48019081572		51755.00412033663
836		8.35		152.67423598646943		12545.241971008192		39916.23438269574		52461.476353703925
837		8.36		155.77964204019574		12800.413186442884		40429.08360888939		53229.49679533228
838		8.37		158.87091240745508		13054.422872520583		40939.253205956506		53993.67607847709
839		8.38		161.713609959821		13288.007330398494		41407.86039447219		54695.86772487068
840		8.39		164.13726049476566		13487.158694854894		41806.83363764472		55293.99233249961
841		8.4		166.04462495008684		13643.886832148635		42120.41583056565		55764.30266271429
842		8.41		167.3961788884232		13754.944019261735		42342.49075640818		56097.43477566991
843		8.42		168.1796426019657		13819.321232603521		42471.43531913843		56290.75655174195
844		8.43		168.37733113902678		13835.56529969383		42504.61505079815		56340.18035049198
845		8.44		167.94448515783375		13799.998345419199		42434.6768250038		56234.675170423
846		8.45		166.81223476069886		13706.961330286626		42249.88973858179		55956.85106886842
847		8.46		164.92652720248861		13552.012740228489		41940.50670404912		55492.51944427761
848		8.47		162.32346677889515		13338.119265221816		41511.34833141626		54849.467596638075
849		8.48		159.21971202431345		13083.083737037836		40997.19740061895		54080.281137656784
850		8.49		156.06834271826511		12824.135721159844		40472.79235595942		53296.928077119264
851		8.5		153.5131277349338		12614.173705979509		40045.90468390129		52660.0783898808
852		8.51		152.2035211107903		12506.563329673638		39826.35016903324		52332.91349870688
853		8.52		152.53192141589798		12533.547982744338		39880.78021147388		52414.32819421822
854		8.53		154.45708749171663		12691.738879194356		40201.883440644706		52893.622319839065
855		8.54		157.5459523069635		12945.55090106319		40715.851740512306		53661.40264157549
856		8.55		161.1887073365472		13244.876081844082		41320.05801377252		54564.9340956166
857		8.56		164.81086390486766		13542.508687062977		41919.39043141421		55461.89911847719
858		8.57		167.9592197588779		13801.209087586998		42439.9596391865		56241.168726773496
859		8.58		170.2816280178032		13992.04137422289		42824.4686098949		56816.509984117794
860		8.59		171.49991221702956		14092.14778687332		43026.779959568776		57118.927746442096
861		8.6		171.45625013231373		14088.56007337222		43019.41206065005		57107.972134022275
862		8.61		170.239198194821		13988.554915668443		42815.228387217634		56803.78330288608
863		8.62		168.2967278368535		13828.942126354252		42488.20819519776		56317.15032155201
864		8.63		166.35942652955242		13669.754077933323		42162.6195842396		55832.37366217292
865		8.64		165.07380755156876		13564.114766512404		41950.21398612927		55514.32875264167
866		8.65		164.57564283334017		13523.180571615561		41874.0686026355		55397.24917425106
867		8.66		164.43105009131176		13511.299386003087		41857.96327221642		55369.26265821951
868		8.67		164.01116943484587		13476.797792461286		41793.46873608247		55270.266528543754
869		8.68		162.91704548307948		13386.89362734464		41613.455072247634		55000.34869959227
870		8.69		161.14695559418615		13241.445341174276		41318.84458107623		54560.28992225051
871		8.7		159.01688405156773		13066.41736251732		40963.78871136479		54030.20607388211
872		8.71		156.96886803948382		12898.131886804385		40623.17002577876		53521.30191258315
873		8.72		155.37021316358667		12766.770415651918		40358.849482313184		53125.6198979651
874		8.73		154.3803985074184		12685.43734535457		40197.05761104812		52882.49495640269
875		8.74		153.9429942268078		12649.495835616797		40127.17805680603		52776.67389242283
876		8.75		153.89004982061408		12645.14539375986		40120.05387231051		52765.19926607037
877		8.76		154.06941421899057		12659.883766374456		40149.98936981486		52809.873136189315
878		8.77		154.4081601107442		12687.718516299852		40205.289016958166		52893.007533258016
879		8.78		154.89608277434303		12727.811121567767		40284.98921474474		53012.8003363125
880		8.79		155.52947535192112		12779.856989667358		40389.08866543839		53168.945655105745
881		8.8		156.26141583381087		12840.00053906424		40510.064296092234		53350.064835156474
882		8.81		156.98816674715653		12899.717661613851		40630.51442687418		53530.23208848803
883		8.82		157.58044662843233		12948.385299458285		40728.5282506473		53676.913550105586
884		8.83		157.94009578452645		12977.937670614538		40787.46060237706		53765.3982729916
885		8.84		158.04538734073628		12986.5894777883		40803.66376392362		53790.25324171192
886		8.85		157.9601894892524		12979.58877033187		40787.9694105366		53767.558180868466
887		8.86		157.8063246604433		12966.945697348627		40760.97804833922		53727.92374568785
888		8.87		157.71352155480812		12959.320066158583		40744.60964127376		53703.92970743234
889		8.88		157.76781919136877		12963.781702954771		40753.36377460073		53717.1454775555
890		8.89		157.98054713733447		12981.261558274773		40789.060178931766		53770.32173720654
891		8.9		158.29056262895477		13006.735531221213		40841.2893810968		53848.02491231801
892		8.91		158.59230397575558		13031.529617687836		40892.327518241604		53923.857135929444
893		8.92		158.7652459828404		13045.740262409996		40922.25827027917		53967.99853268916
894		8.93		158.68368061872658		13039.038036440763		40910.540707593624		53949.578744034385
895		8.94		158.21115894405966		13000.210930433383		40834.714004416586		53834.92493484997
896		8.95		157.2090090607121		12917.864274518714		40671.466509827434		53589.33078434615
897		8.96		155.58206961998258		12784.178660673968		40404.34112824265		53188.51978891662
898		8.97		153.3451325955908		12600.369545379697		40035.279010941675		52635.64855632137
899		8.98		150.6608157990857		12379.799234210872		39591.32420778984		51971.12344200071
900		8.99		147.81122531192847		12145.648383881162		39119.83909112849		51265.48747500965
901		9.0		145.11384485726342		11924.004631921336		38674.027377440696		50598.03200936203
902		9.01		142.83378045144053		11736.65173969487		38297.88533050547		50034.53707020034
903		9.02		141.14294516306776		11597.715804049278		38019.39444208526		49617.110246134536
904		9.03		140.13698280318374		11515.055876937608		37853.66316637929		49368.719043316894
905		9.04		139.88247301461473		11494.142807610893		37811.14675968528		49305.289567296175
906		9.05		140.45355603208597		11541.068699156505		37904.098591270595		49445.167290427096
907		9.06		141.92063168558786		11661.618305604756		38144.935646076636		49806.55395168139
908		9.07		144.27829824916432		11855.347767133833		38533.91527119646		50389.2630383303
909		9.08		147.35716375088742		12108.33814541042		39043.4899525547		51151.82809796512
910		9.09		150.80748611264366		12391.851133875929		39615.040632735254		52006.89176661118
911		9.1		154.1943903223829		12670.153052790203		40175.41042895935		52845.56348174956
912		9.11		157.13950999906342		12912.153536623042		40661.45365343412		53573.607190057155
913		9.12		159.4120844657531		13098.890980550934		41035.28720950103		54134.17819005196
914		9.13		160.94001323882554		13224.440887834295		41285.514345334544		54509.95523316884
915		9.14		161.77951866527866		13293.423048725948		41421.70219740948		54715.12524613543
916		9.15		162.08390152681406		13318.434188458312		41469.30620047602		54787.74038893433
917		9.16		162.06893525408387		13317.204409828071		41464.44707483271		54781.651484660775
918		9.17		161.94596068836066		13307.099589762594		41442.96813231992		54750.06772208252
919		9.18		161.82777252997533		13297.388068788074		41424.099300944414		54721.48736973249
920		9.19		161.6754093491294		13284.868386217964		41400.839508442434		54685.7078946604
921		9.2		161.34728249352867		13257.90620249325		41348.46880552507		54606.37500801832
922		9.21		160.71739983833706		13206.148744716156		41245.23614088397		54451.38488560013
923		9.22		159.76873599665743		13128.197036845342		41088.24373803891		54216.44077488425
924		9.23		158.6123177110129		13033.17414631393		40896.19914933715		53929.37329565108
925		9.24		157.45273724701556		12937.89141958727		40703.26928594026		53641.16070552753
926		9.25		156.53593331537314		12862.557640524212		40550.4214904004		53412.97913092461
927		9.26		156.0903237873926		12825.94190561005		40475.863454839666		53301.80536044972
928		9.27		156.26023820938403		12839.903773665086		40503.92977456611		53343.833548231196
929		9.28		157.04996297775173		12904.79545788186		40635.43396394828		53540.22942183014
930		9.29		158.31326740439155		13008.601182618855		40845.797071664805		53854.39825428366
931		9.3		159.79918625089294		13130.699134235874		41092.96091932136		54223.660053557236
932		9.31		161.22547339818365		13247.89714912875		41329.87480457957		54577.771953708325
933		9.32		162.34438111073715		13339.83779586927		41515.43001723908		54855.26781310835
934		9.33		162.9863362954477		13392.587253396938		41621.53318559158		55014.12043898852
935		9.34		163.08721688554598		13400.876611485313		41637.41304020523		55038.289651690546
936		9.35		162.70945386010274		13369.835823684643		41573.176277482555		54943.0121011672
937		9.36		162.04601156882046		13315.320770609978		41460.97886439261		54776.299635002586
938		9.37		161.37162003121063		13259.906017964577		41347.24597140192		54607.151989366495
939		9.38		160.93347251510102		13223.903436565852		41273.89004749154		54497.793484057394
940		9.39		160.84739641928635		13216.83056377276		41260.09537293746		54476.92593671022
941		9.4		161.08347806197145		13236.229392352194		41299.94018659046		54536.16957894265
942		9.41		161.54337225715514		13274.01889837044		41376.16318807669		54650.18208644712
943		9.42		162.15158439153132		13323.99568945213		41475.969318625575		54799.96500807771
944		9.43		162.89380550217356		13384.983998113603		41597.31850507974		54982.30250319334
945		9.44		163.79650789635227		13459.159053843267		41745.136402700744		55204.29545654401
946		9.45		164.88039142020597		13548.221762998324		41923.280011854215		55471.50177485254
947		9.46		166.12061632420813		13650.131043360183		42127.84971609493		55777.98075945511
948		9.47		167.4296200545103		13757.691879879112		42344.36904176629		56102.0609216454
949		9.48		168.66497485122466		13859.20098352513		42549.08186566882		56408.28284919395
950		9.49		169.6614603669371		13941.082198351221		42714.257774516955		56655.339972868176
951		9.5		170.28150677929193		13992.031412054417		42816.70540860787		56808.73682066229
952		9.51		170.46438850199308		14007.058803208773		42846.193339634716		56853.252142843485
953		9.52		170.24759697206312		13989.245043194427		42809.11566891644		56798.360712110865
954		9.53		169.74788582457282		13948.18377820515		42725.23111668372		56673.41489488887
955		9.54		169.11309572179601		13896.02307545998		42619.44407478429		56515.467150244265
956		9.55		168.46983765317472		13843.166559961366		42512.93564876782		56356.10220872919
957		9.56		167.89061233545115		13795.571615604022		42417.64683622494		56213.218451828965
958		9.57		167.3898976893114		13754.427893130718		42335.7554724446		56090.18336557532
959		9.58		166.9404268095397		13717.494870939878		42262.56647459196		55980.06134553184
960		9.59		166.49364145217277		13680.782518125037		42189.930162706034		55870.71268083107
961		9.6		165.99944076939286		13640.174048021012		42109.33518121746		55749.50922923847
962		9.61		165.43457179938278		13593.758764755283		42016.46205283117		55610.22081758645
963		9.62		164.84451638999641		13545.273911766006		41918.292460681456		55463.56637244746
964		9.63		164.37665059916537		13506.829379733419		41839.170299061996		55345.999678795415
965		9.64		164.2550892361154		13496.840682531601		41817.2161715834		55314.056854115
966		9.65		164.66200308810295		13530.276793749419		41884.39644349644		55414.67323724586
967		9.66		165.5715202074601		13605.011815446996		42037.545040759884		55642.55685620688
968		9.67		166.67017466276755		13695.28825203961		42223.86806477456		55919.156316814166
969		9.68		167.46737913827448		13760.794543792013		42359.75797328282		56120.55251707484
970		9.69		167.54443197984574		13767.125975783925		42373.78834174536		56140.914317529285
971		9.7		166.78035135801497		13704.34147108809		42245.23996013795		55949.58143122604
972		9.71		165.42973007520095		13593.360920279263		42017.08975033224		55610.450670611506
973		9.72		164.0243041265916		13477.877070082031		41779.389924733056		55257.26699481509
974		9.73		163.13922009899798		13405.149715534664		41629.81585486339		55034.96557039805
975		9.74		163.12392429992087		13403.892859724498		41627.71014351155		55031.60300323604
976		9.75		163.94211745020672		13471.123790883486		41766.49519638352		55237.61898726701
977		9.76		165.21938478549103		13576.076847823799		41982.03768521102		55558.11453303482
978		9.77		166.45672727673093		13677.74928032898		42189.61971702634		55867.36899735532
979		9.78		167.2628255037215		13743.986371640796		42323.5724054806		56067.55877712139
980		9.79		167.48091551799624		13761.906828113752		42358.33577248307		56120.24260059682
981		9.8		167.1818209604367		13737.330228319084		42306.73250495894		56044.06273327803
982		9.81		166.56582474032706		13686.713818912674		42203.125121448014		55889.838940360685
983		9.82		165.83666484021455		13626.79874992043		42082.07675086838		55708.87550078881
984		9.83		165.1063694749688		13566.790379758186		41962.24014455301		55529.030524311194
985		9.84		164.37115250040557		13506.377600958327		41842.38672684833		55348.76432780665
986		9.85		163.55874286015865		13439.621900819237		41709.7078810815		55149.329781900735
987		9.86		162.6065338002446		13361.378882366098		41553.21323722426		54914.592119590365
988		9.87		161.5235651995435		13272.39135244649		41374.16812983549		54646.55948228198
989		9.88		160.41015440094725		13180.902387125836		41189.39604763606		54370.29843476189
990		9.89		159.42729969686226		13100.141216091171		41026.18720856791		54126.328424659085
991		9.9		158.7251985976355		13042.44956876771		40910.15320522291		53952.60277399062
992		9.91		158.3662543394347		13012.95511907135		40851.9510987612		53864.906217832555
993		9.92		158.29319650582966		13006.951956884024		40841.661564206086		53848.61352109011
994		9.93		158.37131898713218		13013.371281172651		40855.9844556368		53869.35573680945
995		9.94		158.48239247611238		13022.498189762155		40874.47653734898		53896.974727111134
996		9.95		158.6042155564129		13032.508392270447		40893.4506995253		53925.959091795754
997		9.96		158.81024569022182		13049.437888365528		40926.0995413024		53975.53742966793
998		9.97		159.1782842749216		13079.679618870308		40986.69154841006		54066.37116728037
999		9.98		159.67409800169943		13120.420632799643		41070.193586108166		54190.61421890781
1000		9.99		160.10710262534744		13156.0006227248		41144.45696532693		54300.45758805173
