step		t		temp		ekin		epot		etot
1		0.0		144.2868210501425		11856.048085690209		52505.06382800595		64361.11191369616
2		0.01		142.4115815541012		11701.959656300496		52197.57671099753		63899.536367298024
3		0.02		139.72695657381018		11481.364021669984		51757.21194546656		63238.575967136545
4		0.03		136.190937072668		11190.80929926113		51176.91229137623		62367.72159063736
5		0.04		131.7738179211083		10827.85461857747		50451.5439663799		61279.398584957366
6		0.05		126.48125654163736		10392.964850026343		49581.67446056078		59974.639310587125
7		0.06		120.3858057608868		9892.101659372069		48578.79509553113		58470.8967549032
8		0.07		113.66214185467959		9339.618196199022		47471.25055672128		56810.8687529203
9		0.08		106.61278802891975		8760.372792336337		46308.71880387912		55069.091596215454
10		0.09		99.66297147121263		8189.306365789542		45161.626411346995		53350.932777136535
11		0.1		141.95513773534682		11664.45366771345		43833.74112603693		55498.19479375039
12		0.11		134.73205867349643		11070.9332612012		42641.93319064133		53712.86645184253
13		0.12		128.79259646419945		10582.887651463268		41663.43236174611		52246.32001320938
14		0.13		124.37709389717412		10220.065805530798		40938.08377355663		51158.14957908743
15		0.14		121.47269535113604		9981.411377002849		40463.08292778719		50444.49430479004
16		0.15		119.86921469954065		9849.653371861255		40202.778723590025		50052.43209545128
17		0.16		119.25499502979831		9799.182941598527		40105.08905684883		49904.27199844736
18		0.17		119.29874417596412		9802.777808938972		40115.16975926184		49917.947568200805
19		0.18		119.69494120664298		9835.333318949853		40182.72094603478		50018.05426498463
20		0.19		120.18194737785696		9875.350616038506		40264.70874688612		50140.05936292463
21		0.2		150.27974955798106		12348.487021179304		40311.983945724605		52660.47096690391
22		0.21		150.0179781880503		12326.977267712095		40269.24829147139		52596.225559183484
23		0.22		149.19063408427718		12258.994402705055		40132.201982153674		52391.19638485873
24		0.23		147.9119728636244		12153.926810204019		39919.49390472883		52073.42071493284
25		0.24		146.43716191549086		12032.741594595884		39673.44233462723		51706.183929223116
26		0.25		145.11819262526507		11924.361888018031		39452.93004250923		51377.29193052726
27		0.26		144.30505359513936		11857.546253912602		39316.90840880114		51174.45466271374
28		0.27		144.21757120827755		11850.357826184167		39302.64381671062		51153.001642894786
29		0.28		144.84756825937447		11902.1246838728		39408.881736019226		51311.00641989203
30		0.29		145.9522651607411		11992.897628258095		39594.6085233685		51587.5061516266
31		0.3		151.19632016357886		12423.801627841276		39795.28508613447		52219.08671397575
32		0.31		152.06877360964378		12495.49112750443		39941.354395263596		52436.845522768024
33		0.32		152.35368688157556		12518.902451059064		39989.108985525876		52508.011436584944
34		0.33		151.9509541321681		12485.809901040253		39922.29021997598		52408.10012101623
35		0.34		150.9144824087256		12400.643019524983		39750.174851723954		52150.81787124894
36		0.35		149.41550467349845		12277.472019021367		39501.40378280168		51778.875801823044
37		0.36		147.69364688959172		12135.98696491775		39215.928589276285		51351.915554194034
38		0.37		146.00109282197278		11996.909797181503		38935.755455872866		50932.665253054365
39		0.38		144.5488252957792		11877.576974554178		38695.94227457813		50573.5192491323
40		0.39		143.46852521167472		11788.808716643312		38518.27556332106		50307.08427996437
41		0.4		149.278980379911		12266.253817817285		38400.73589153767		50666.98970935495
42		0.41		148.84386293733104		12230.500217560491		38331.20704366165		50561.70726122214
43		0.42		148.535760562724		12205.18344543903		38283.42086783708		50488.60431327611
44		0.43		148.12626421170404		12171.53513027572		38219.24328602551		50390.778416301226
45		0.44		147.3778750787051		12110.039995217197		38098.56179796828		50208.60179318547
46		0.45		146.14229811381017		12008.512636011781		37895.76613314622		49904.278769158
47		0.46		144.46448886744597		11870.647050238034		37617.55651936066		49488.20356959869
48		0.47		142.62913514921172		11719.836035210727		37311.42720244489		49031.263237655614
49		0.48		141.08653006525748		11593.080175462208		37053.48025833637		48646.56043379858
50		0.49		140.27154853608707		11526.113143210274		36917.123865618574		48443.237008828844
51		0.5		150.1002647916877		12333.738757932977		36933.43426630667		49267.173024239644
52		0.51		151.11123059340713		12416.809817860265		37100.89638797083		49517.7062058311
53		0.52		152.9050170145661		12564.205248086897		37398.12698688445		49962.33223497134
54		0.53		155.2309216684167		12755.3248334938		37783.76460754811		50539.08944104191
55		0.54		157.749169128037		12962.2492272508		38201.3592288832		51163.608456134
56		0.55		160.09754651306525		13155.215396978572		38590.18182906187		51745.39722604044
57		0.56		161.9992528701449		13311.478608339805		38903.50441078547		52214.98301912528
58		0.57		163.36622268766664		13423.802518245568		39126.4280529838		52550.23057122937
59		0.58		164.33077683961483		13503.05993291115		39281.548110315176		52784.608043226326
60		0.59		165.170765357776		13572.081789448453		39416.29198802396		52988.373777472414
61		0.6		151.03001318169333		12410.136183139743		39584.15831758234		51994.294500722084
62		0.61		152.50002550066372		12530.927095389537		39826.352278053535		52357.279373443074
63		0.62		154.36259779139755		12683.974660519138		40134.06702183677		52818.041682355906
64		0.63		156.4777151079251		12857.773850418205		40483.0196883036		53340.7935387218
65		0.64		158.7130958590049		13041.455086734433		40851.04542682291		53892.500513557345
66		0.65		160.981849202998		13227.878549010347		41224.42644241394		54452.30499142429
67		0.66		163.20566686738863		13410.609646493323		41590.946520595666		55001.55616708899
68		0.67		165.26897670566495		13580.15181590449		41931.52912759116		55511.68094349565
69		0.68		167.02550317542423		13724.48559592461		42221.50228919869		55945.9878851233
70		0.69		168.34761171854186		13833.123254912585		42439.42041479871		56272.5436697113
71		0.7		150.86472438036245		12396.554402334383		42581.58469971707		54978.13910205145
72		0.71		151.4257362631442		12442.65274874256		42673.571158610976		55116.22390735353
73		0.72		151.69690685989485		12464.934836677561		42718.00875042773		55182.94358710529
74		0.73		151.68822037001846		12464.221067804416		42716.89022764048		55181.11129544489
75		0.74		151.37699594691458		12438.647756957971		42666.66108396172		55105.30884091969
76		0.75		150.69509937400915		12382.61631556233		42556.02051847378		54938.63683403611
77		0.76		149.53943170681464		12287.65510334896		42367.73612735708		54655.39123070604
78		0.77		147.8003790312181		12144.757144995194		42083.376293962516		54228.13343895771
79		0.78		145.4045282637336		11947.89008743099		41690.19199881179		53638.08208624278
80		0.79		142.37725791097427		11699.139282544755		41191.437440089925		52890.57672263468
81		0.8		146.3877782569886		12028.683739376755		40594.27896347029		52622.96270284705
82		0.81		142.60879290684517		11718.164513155467		39968.303335218014		51686.46784837348
83		0.82		139.15444876594327		11434.32105509756		39396.80016064806		50831.12121574562
84		0.83		136.40538578471543		11208.430549930068		38944.44014292146		50152.87069285153
85		0.84		134.4608150266601		11048.64517074066		38627.35466050234		49675.999831242996
86		0.85		133.15089201813754		10941.008797130362		38415.47673880159		49356.48553593195
87		0.86		132.21314545700594		10863.954162202179		38263.333569283335		49127.287731485514
88		0.87		131.49360730973626		10804.829712641029		38144.4614349744		48949.291147615426
89		0.88		131.05044223744443		10768.41483865081		38068.8959555422		48837.31079419301
90		0.89		131.10945612957926		10773.264010167528		38075.81073274802		48849.074742915545
91		0.9		150.65599437683352		12379.403057944412		38183.079321870086		50562.48237981449
92		0.91		151.74125088466576		12468.578585192987		38364.61232877891		50833.19091397189
93		0.92		152.962993210877		12568.969152137763		38570.908439907864		51139.877592045625
94		0.93		153.83521406964442		12640.639540102682		38719.28976379548		51359.92930389816
95		0.94		153.91549039762796		12647.23584597309		38734.923329420846		51382.159175393936
96		0.95		152.9987474979581		12571.907081907219		38583.408063314426		51155.31514522164
97		0.96		151.1877502295542		12423.09743636247		38282.182089386115		50705.279525748585
98		0.97		148.84179060075016		12230.329933663641		37891.879569961944		50122.209503625585
99		0.98		146.43080543267715		12032.21928240308		37491.748602024614		49523.96788442769
100		0.99		144.35750129969125		11861.855881795631		37149.22782175381		49011.08370354944
101		1.0		148.3994464648214		12193.982516014376		36886.290641741856		49080.27315775623
102		1.01		147.31030199205554		12104.487514687204		36707.943495717635		48812.431010404835
103		1.02		146.723024426597		12056.230917133475		36611.42532611618		48667.65624324966
104		1.03		146.66366046338953		12051.352980276719		36600.572619022314		48651.92559929904
105		1.04		147.2280447064525		12097.728433529202		36691.79047602109		48789.51890955029
106		1.05		148.52193432191166		12204.047343231481		36903.9475121462		49107.994855377685
107		1.06		150.54128726637552		12369.977574678076		37237.30189925608		49607.27947393416
108		1.07		153.10591560064128		12580.713084904695		37661.29764427316		50242.010729177855
109		1.08		155.93427540601817		12813.119410112513		38127.85543830321		50940.974848415724
110		1.09		158.7852392711796		13047.383110912828		38596.806630669984		51644.18974158281
111		1.1		152.72051583428		12549.044786102788		39044.260634580554		51593.30542068334
112		1.11		155.33896318248836		12764.202604705068		39475.719567285574		52239.92217199064
113		1.12		157.68018078135557		12956.580454803989		39862.38672399488		52818.96717879887
114		1.13		159.5224781610769		13107.962030495688		40167.06179634417		53275.02382683985
115		1.14		160.65989853806568		13201.423862872856		40355.07826726686		53556.502130139714
116		1.15		160.9731378564049		13227.16273766079		40406.38519238031		53633.547930041095
117		1.16		160.47211104399167		13185.993364484795		40322.51475309835		53508.508117583144
118		1.17		159.30724669518239		13090.276460943138		40128.248756561516		53218.525217504655
119		1.18		157.76164746692217		12963.274572356995		39870.2746507785		52833.549223135495
120		1.19		156.22801116552168		12837.255677470916		39613.54289750242		52450.798574973334
121		1.2		148.9972190832618		12243.101492071622		39444.33107633698		51687.43256840861
122		1.21		148.95164893725072		12239.356993173891		39433.89155670275		51673.24854987664
123		1.22		150.12846646009976		12336.056089026397		39626.89947014685		51962.95555917324
124		1.23		152.54851529555594		12534.911501835832		40027.17369385745		52562.085195693275
125		1.24		155.95591248261303		12814.897328696312		40592.07036299361		53406.96769168992
126		1.25		159.8720759991403		13136.688484849357		41241.58027865367		54378.26876350303
127		1.26		163.71790996701776		13452.70066198985		41878.978063551585		55331.67872554144
128		1.27		166.95584885348896		13718.762100291187		42414.73614355157		56133.498243842754
129		1.28		169.20246562563605		13903.366600458516		42785.29193529971		56688.65853575823
130		1.29		170.28637038877213		13992.431054845407		42962.50191128395		56954.93296612936
131		1.3		150.073204011599		12331.515173633088		42972.23944586006		55303.75461949315
132		1.31		149.49629349675007		12284.110436627954		42874.43194353327		55158.54238016123
133		1.32		148.52030482977628		12203.913447862717		42711.358005491624		54915.27145335434
134		1.33		147.37603405240128		12109.888718085815		42521.69528356959		54631.58400165541
135		1.34		146.208917648152		12013.98676314865		42329.402771540015		54343.389534688664
136		1.35		145.07044165334435		11920.438190655306		42142.40231885775		54062.84050951306
137		1.36		143.95950936422105		11829.152884458044		41959.874989013006		53789.02787347105
138		1.37		142.8754828688518		11740.078427333552		41781.373934648116		53521.45236198167
139		1.38		141.84981773796196		11655.799523528334		41612.06832465334		53267.867848181675
140		1.39		140.94866325245002		11581.75165945382		41463.04698284172		53044.79864229554
141		1.4		149.23434383967324		12262.58603330595		41336.38512814053		53598.971161446476
142		1.41		148.6582902647371		12215.251711053448		41241.36580052562		53456.61751157907
143		1.42		148.3064794412896		12186.343415690768		41183.97533447883		53370.3187501696
144		1.43		148.147829153939		12173.307121579168		41159.09940124958		53332.40652282875
145		1.44		148.086028165213		12168.228934335553		41150.54718897541		53318.77612331096
146		1.45		147.98905986857665		12160.261049400942		41136.11571066724		53296.37676006818
147		1.46		147.7312982771802		12139.080779435897		41094.81105690599		53233.89183634189
148		1.47		147.22483350301817		12097.464568943004		41012.092639326576		53109.55720826958
149		1.48		146.43176189338521		12032.297874779462		40881.721764700465		52914.01963947993
150		1.49		145.36880677371775		11944.954852596387		40706.3270685388		52651.28192113519
151		1.5		148.70072049666854		12218.738203211255		40491.194112666846		52709.932315878104
152		1.51		147.31695537400867		12105.034223082292		40261.25942535515		52366.293648437444
153		1.52		146.08765584428335		12004.022680724764		40056.28377328411		52060.30645400887
154		1.53		145.28102045878177		11937.741451098098		39921.24767219258		51858.989123290674
155		1.54		145.1165501248578		11924.226923759566		39893.048565732934		51817.2754894925
156		1.55		145.69634287363124		11971.868493926278		39988.66578016045		51960.534274086735
157		1.56		146.98754711989423		12077.96674684171		40202.20448339509		52280.1712302368
158		1.57		148.8620365888009		12231.99354650177		40511.84801199238		52743.84155849415
159		1.58		151.1591816889837		12420.74995938379		40890.70957516168		53311.45953454547
160		1.59		153.7285283232065		12631.873172317877		41314.07326423986		53945.94643655774
161		1.6		152.69103701734358		12546.622511715123		41757.55832950877		54304.18084122389
162		1.61		155.40748046801633		12769.832670056901		42205.59094561073		54975.423615667634
163		1.62		157.97141175658896		12980.510904038916		42628.862216342844		55609.37312038176
164		1.63		160.1827435290517		13162.216035782178		42994.17916944733		56156.395205229506
165		1.64		161.84692438715282		13298.961776892349		43269.25684892662		56568.21862581897
166		1.65		162.80435713882878		13377.634026097561		43427.72071365183		56805.35473974939
167		1.66		162.94730005399288		13389.379645436595		43451.87815857916		56841.25780401575
168		1.67		162.22364631556172		13329.917017749707		43333.20019878632		56663.117216536026
169		1.68		160.6381240680027		13199.634654667781		43072.35030769278		56271.98496236056
170		1.69		158.26395718962192		13004.549362271233		42681.018385903684		55685.567748174915
171		1.7		147.13176243819586		12089.816919546554		42207.17302917698		54296.98994872353
172		1.71		144.03772208780188		11835.579623954682		41694.95630050184		53530.535924456526
173		1.72		141.1108429845001		11595.077968036372		41209.68265053257		52804.760618568944
174		1.73		138.77368002544725		11403.033287691		40822.30704121897		52225.340328909966
175		1.74		137.34532305953547		11285.66519580203		40586.7399982592		51872.40519406123
176		1.75		136.9187936159476		11250.617271422414		40518.594393725616		51769.21166514803
177		1.76		137.33470210141084		11284.792471672929		40590.55467984621		51875.347151519134
178		1.77		138.27418002906222		11361.989372988044		40748.46789279702		52110.457265785066
179		1.78		139.40834474127314		11455.183687390414		40936.98910735381		52392.17279474423
180		1.79		140.51637960362353		11546.230912029747		41119.48061307205		52665.7115251018
181		1.8		150.98233901582654		12406.218796930467		41279.876311973654		53686.09510890412
182		1.81		151.79558294967012		12473.043050974395		41411.96861087067		53885.01166184506
183		1.82		152.55518057026663		12535.45918745881		41535.55100184083		54071.01018929964
184		1.83		153.36454096085976		12601.964330753846		41668.011644004015		54269.975974757865
185		1.84		154.27758707826436		12676.989330220982		41818.12469956494		54495.114029785924
186		1.85		155.29985833683185		12760.989359537474		41986.48940003277		54747.478759570244
187		1.86		156.407873268207		12852.03494644857		42169.126017638184		55021.160964086754
188		1.87		157.55524362501433		12946.314368667428		42358.69668973918		55305.01105840661
189		1.88		158.6512485077991		13036.373089885852		42540.68707692979		55577.060166815645
190		1.89		159.53698382816683		13109.15396116047		42688.81881617056		55797.97277733103
191		1.9		150.5163664328978		12367.929829791212		42775.79969292258		55143.72952271379
192		1.91		150.59144456805618		12374.099000157175		42788.725285112676		55162.82428526985
193		1.92		150.20590168085732		12342.418941116046		42723.800517436655		55066.2194585527
194		1.93		149.52143313024385		12286.176160312138		42608.27318941465		54894.44934972678
195		1.94		148.81920895582013		12228.47439989974		42490.0428583709		54718.517258270644
196		1.95		148.35769520515638		12190.5518150077		42413.146736607414		54603.69855161512
197		1.96		148.24366704061697		12181.182120727497		42395.39488720979		54576.57700793729
198		1.97		148.40742856620602		12194.63840528515		42424.236736316925		54618.875141602075
199		1.98		148.6873685370864		12217.64107269239		42471.74704102607		54689.388113718465
200		1.99		148.94123504385115		12238.501283553249		42513.98437336996		54752.48565692321
201		2.0		150.15146110159404		12337.945558717982		42538.74530685817		54876.69086557615
202		2.01		150.17733751597734		12340.071823687858		42542.79980882131		54882.871632509174
203		2.02		150.0777729768485		12331.890605507642		42526.299087661864		54858.18969316951
204		2.03		149.85907171685596		12313.919922974055		42489.90733340664		54803.8272563807
205		2.04		149.5620578215586		12289.514291197469		42439.92183563134		54729.43612682881
206		2.05		149.29273121174293		12267.383723668918		42393.785348717865		54661.16907238678
207		2.06		149.21488546425505		12260.987138597837		42379.12824956876		54640.115388166596
208		2.07		149.48411565261176		12283.109783175109		42422.780676239214		54705.890459414324
209		2.08		150.14140506187073		12337.119253933917		42532.48528123739		54869.604535171304
210		2.09		151.03431886179996		12410.489980874103		42682.94227943398		55093.43226030808
211		2.1		150.81097126723756		12392.137509028911		42820.39876348274		55212.53627251166
212		2.11		151.18814279811554		12423.129693721154		42885.33985256402		55308.469546285174
213		2.12		150.87367302885932		12397.28971278137		42834.572162718265		55231.861875499635
214		2.13		149.79168058568706		12308.382393725906		42655.761922052574		54964.14431577848
215		2.14		148.04750537622218		12165.063516764178		42366.665763889774		54531.72928065395
216		2.15		145.8931670568618		11988.041537062336		42008.97840707786		53997.0199441402
217		2.16		143.6954107649924		11807.451902559425		41643.26029853321		53450.71220109264
218		2.17		141.89459236652638		11659.478654757473		41342.73741534649		53002.21607010397
219		2.18		140.91638180077132		11579.099092569379		41178.939048882836		52758.03814145221
220		2.19		141.0327743810021		11588.663070886942		41198.03941205379		52786.70248294073
221		2.2		151.1807060579127		12422.518616778685		41395.196280249605		53817.71489702829
222		2.21		153.07165638535733		12577.898005184812		41710.67581996563		54288.573825150444
223		2.22		155.23672294902906		12755.801524721719		42070.916516164136		54826.718040885855
224		2.23		157.25203648036353		12921.39983759147		42405.07578923176		55326.47562682323
225		2.24		158.82012976432299		13050.25006273442		42663.94613074881		55714.19619348323
226		2.25		159.81016712657717		13131.601432790847		42826.211858591334		55957.81329138218
227		2.26		160.24688971718442		13167.486928061044		42896.35820421361		56063.845132274655
228		2.27		160.27355871131732		13169.678319308945		42898.41597025026		56068.0942895592
229		2.28		160.10593625079173		13155.904781727557		42868.27592995534		56024.1807116829
230		2.29		159.98680103410993		13146.115440972813		42846.30988128835		55992.42532226116
231		2.3		150.20462259830646		12342.313838902843		42878.72995402777		55221.043792930606
232		2.31		150.8916397431345		12398.766037693364		42992.65973054469		55391.425768238056
233		2.32		151.9579610383193		12486.385658518697		43171.479865402194		55657.86552392089
234		2.33		153.0829965643195		12578.829827690133		43361.323074345215		55940.15290203535
235		2.34		153.83285667801255		12640.44583323229		43488.812426408134		56129.258259640425
236		2.35		153.83788948228005		12640.85937875895		43491.49024019446		56132.349618953405
237		2.36		152.94542612595149		12567.525664769433		43343.56895104301		55911.09461581244
238		2.37		151.2849981719636		12431.088299790248		43066.739512798005		55497.82781258825
239		2.38		149.22907579345903		12262.153157948529		42723.70903490699		54985.86219285552
240		2.39		147.25605624709667		12100.030141823932		42395.214106069434		54495.244247893366
241		2.4		148.47530484554008		12200.215799158028		42142.78352079633		54342.99931995435
242		2.41		147.5881757427078		12127.320400778299		41997.457176975564		54124.77757775386
243		2.42		147.31384208167685		12104.778403851387		41953.93249917857		54058.710903029954
244		2.43		147.50653591871284		12120.612056440634		41987.06952440622		54107.68158084685
245		2.44		148.0025214480872		12161.367187389325		42069.51838224681		54230.885569636135
246		2.45		148.66906073485893		12216.13672058336		42179.68478312197		54395.82150370533
247		2.46		149.39754346257857		12275.996146320082		42300.178685061335		54576.17483138142
248		2.47		150.07249244096954		12331.456703874468		42412.33800233563		54743.7947062101
249		2.48		150.549429005211		12370.646581358189		42492.39819290759		54863.04477426578
250		2.49		150.6587247078497		12379.62740924401		42512.1773816575		54891.804790901515
251		2.5		149.57898002696243		12290.904788815502		42444.556378568166		54735.46116738367
252		2.51		148.49997881905585		12202.24325956182		42268.316255878926		54470.55951544075
253		2.52		146.68923338541018		12053.454307279155		41971.305562371475		54024.75986965063
254		2.53		144.13784586068883		11843.806794372802		41552.11741314297		53395.924207515774
255		2.54		140.90282797980794		11577.985375100818		41019.95108187838		52597.9364569792
256		2.55		137.12661609404225		11267.694044447451		40397.55186230105		51665.2459067485
257		2.56		133.09181700658485		10936.154603431078		39730.393012700115		50666.547616131196
258		2.57		129.28720793821216		10623.529876282893		39098.522438748514		49722.05231503141
259		2.58		126.39857521326593		10386.170925274062		38616.46621585648		49002.637141130544
260		2.59		125.12624878099284		10281.623862334181		38403.09947090541		48684.723333239584
261		2.6		150.55098673840052		12370.774580294372		38494.81636086954		50865.590941163915
262		2.61		152.7081994660853		12548.032750128228		38854.427608604485		51402.460358732715
263		2.62		156.02081880383457		12820.230681111087		39404.498701454744		52224.72938256583
264		2.63		159.9288884634315		13141.356765040166		40051.12991915819		53192.48668419836
265		2.64		163.9427063341751		13471.17217947917		40713.89687060649		54185.06905008566
266		2.65		167.6756802286694		13777.910644389765		41329.68383243172		55107.59447682148
267		2.66		170.82912187347202		14037.028944343196		41849.352815872684		55886.38176021588
268		2.67		173.19984602076045		14231.831347525886		42239.24609157205		56471.077439097935
269		2.68		174.7020694432562		14355.269046152362		42485.201833646286		56840.470879798646
270		2.69		175.37263366502634		14410.369308255214		42593.55204631825		57003.92135457346
271		2.7		150.13236962872702		12336.3768123925		42613.4634870515		54949.840299444
272		2.71		150.09019167045548		12332.911049561328		42604.93274309753		54937.84379265886
273		2.72		150.00891749766538		12326.232750783165		42590.49527703792		54916.72802782108
274		2.73		149.9812095215305		12323.955986384162		42585.45464995295		54909.41063633712
275		2.74		150.04517665284092		12329.212165563938		42596.11787939292		54925.33004495686
276		2.75		150.1773357313047		12340.071677041307		42618.74248124358		54958.814158284884
277		2.76		150.28367061321103		12348.80921428755		42637.94175345666		54986.750967744214
278		2.77		150.19861230641925		12341.81997321847		42626.285322266565		54968.10529548503
279		2.78		149.70895954533768		12301.585205840396		42548.153821487744		54849.73902732814
280		2.79		148.60781196707612		12211.103909334644		42368.782645704865		54579.88655503951
281		2.8		148.13730948429688		12172.442720324674		42062.89560302931		54235.338323353986
282		2.81		145.50764612189917		11956.363281836455		41629.35604093494		53585.719322771394
283		2.82		142.26339693612593		11689.783326241468		41093.382694539236		52783.1660207807
284		2.83		138.69592869148187		11396.644460579066		40503.25278835798		51899.89724893705
285		2.84		135.19689393099375		11109.128774309756		39923.83638331935		51032.96515762911
286		2.85		132.20419689304654		10863.218858701635		39427.819757162215		50291.03861586385
287		2.86		130.12742278543053		10692.570330278826		39083.56218117085		49776.13251144967
288		2.87		129.25024771318476		10620.492854592392		38938.77377944638		49559.26663403877
289		2.88		129.63768024842693		10652.328186013241		39004.5617340819		49656.88992009514
290		2.89		131.10410376054705		10772.824206004152		39249.67890645457		50022.50311245872
291		2.9		152.16688966301274		12503.553323609758		39610.52020616574		52114.0735297755
292		2.91		154.336488731537		12681.829279070396		39970.47834900675		52652.30762807715
293		2.92		156.17514220962772		12832.91143536511		40274.34178657859		53107.2532219437
294		2.93		157.49558617388834		12941.412315908405		40491.84911543992		53433.26143134833
295		2.94		158.22288132333767		13001.174158338657		40611.425383548885		53612.59954188754
296		2.95		158.33768600405517		13010.607658953213		40630.22705576506		53640.83471471828
297		2.96		157.84885200389874		12970.44016916036		40549.47463640711		53519.914805567474
298		2.97		156.81057783053075		12885.125180334711		40377.584910980404		53262.710091315115
299		2.98		155.3597035421505		12765.906840058507		40136.77209238352		52902.67893244203
300		2.99		153.73277885830325		12632.22243878678		39866.240303171464		52498.46274195824
301		3.0		148.54375958365404		12205.840724988853		39624.089952220835		51829.93067720969
302		3.01		147.52887232862773		12122.44743924334		39456.113878737095		51578.561317980435
303		3.02		147.06978208547		12084.723993963069		39381.76437042276		51466.48836438583
304		3.03		147.08058789973308		12085.611907721068		39386.318994954534		51471.9309026756
305		3.04		147.32443399726355		12105.648741555146		39429.437850400886		51535.08659195603
306		3.05		147.53077386470994		12122.603688463216		39465.451195006965		51588.05488347018
307		3.06		147.50071814504437		12120.134009978296		39461.33488839681		51581.468898375104
308		3.07		147.1433558109834		12090.769546988506		39402.67799196104		51493.44753894955
309		3.08		146.4396808153316		12032.948572595798		39287.27975218758		51320.22832478338
310		3.09		145.37422915590423		11945.40040974065		39113.17723455475		51058.5776442954
311		3.1		148.45939331453556		12198.908348655386		38861.32365685217		51060.232005507554
312		3.11		146.38841353124917		12028.735939862745		38520.6472737666		50549.38321362934
313		3.12		143.93759138835608		11827.35188438122		38113.38676566759		49940.73865004881
314		3.13		141.6255521491309		11637.371620094087		37724.0976203938		49361.46924048789
315		3.14		140.33765090524602		11531.544774884065		37502.29465582703		49033.839430711094
316		3.15		140.9522377787653		11582.045378281146		37599.53898021303		49181.584358494176
317		3.16		143.7691409586162		11813.510312569493		38068.118006232726		49881.62831880222
318		3.17		148.27732639746324		12183.947910079554		38819.69066337486		51003.63857345442
319		3.18		153.47974423376576		12611.430583688532		39684.629664658845		52296.06024834738
320		3.19		158.3795070975737		13014.044098207632		40496.72556508044		53510.769663288076
321		3.2		153.8248408712753		12639.787174392692		41129.135765165134		53768.92293955783
322		3.21		156.35321156103072		12847.543393969894		41545.69803394854		54393.24142791843
323		3.22		157.45852788989336		12938.367236712538		41725.394646788314		54663.761883500854
324		3.23		157.32078260217602		12927.048706420805		41697.80460606936		54624.853312490166
325		3.24		156.4028799655886		12851.624646772414		41540.21318163443		54391.837828406846
326		3.25		155.32099849920192		12762.726446679422		41356.62546744562		54119.35191412504
327		3.26		154.60154182630205		12703.60869186724		41236.29998705817		53939.90867892541
328		3.27		154.4541403825964		12691.496715237947		41214.085084792605		53905.58180003055
329		3.28		154.73422340514318		12714.511137200616		41264.07005802248		53978.581195223094
330		3.29		155.10969426633838		12745.363577865024		41329.19643369946		54074.56001156448
331		3.3		150.19970857985024		12341.910054006294		41363.722814354755		53705.63286836105
332		3.31		150.10463304928453		12334.09769765971		41348.04452562372		53682.14222328343
333		3.32		149.71009594986756		12301.678584200617		41281.698799306585		53583.377383507206
334		3.33		149.144894530198		12255.23598354637		41186.623809887		53441.859793433374
335		3.34		148.59994118068786		12210.457166817123		41095.345212802684		53305.80237961981
336		3.35		148.23194432101812		12180.21886485806		41034.33397763681		53214.55284249487
337		3.36		148.1057194660601		12169.846968526159		41013.79620505397		53183.64317358013
338		3.37		148.2217522629814		12179.381383449181		41032.91605538607		53212.29743883525
339		3.38		148.5756001576072		12208.457064950584		41091.05831414797		53299.51537909856
340		3.39		149.1513535358754		12255.76672004288		41186.6640834692		53442.43080351208
341		3.4		150.70110357331777		12383.109680619522		41304.023765288825		53687.133445908345
342		3.41		151.3609908035277		12437.332614325871		41413.747164143744		53851.07977846962
343		3.42		151.9149228851785		12482.849213475118		41502.741183685015		53985.59039716014
344		3.43		152.55457893483344		12535.409751075265		41603.24329278559		54138.65304386086
345		3.44		153.6339882344726		12624.104813226615		41778.08192056475		54402.186733791365
346		3.45		155.30643287149798		12761.52958905099		42055.79125015919		54817.32083921018
347		3.46		157.27809329267583		12923.540925859174		42385.82347510347		55309.364400962644
348		3.47		158.97312469453635		13062.821656150052		42669.11078953131		55731.93244568136
349		3.48		159.88864252646698		13138.049756399792		42821.20540027004		55959.25515666983
350		3.49		159.78092261850588		13129.19841156263		42802.90660270323		55932.105014265864
351		3.5		148.94361994057374		12238.697250516945		42628.000060427126		54866.69731094407
352		3.51		147.08619059606207		12086.07228127842		42321.29883246696		54407.37111374538
353		3.52		144.5675309987199		11879.114022164813		41905.766600442745		53784.880622607554
354		3.53		141.5678292184469		11632.62852687978		41410.68831383327		53043.31684071305
355		3.54		138.3219384134984		11365.913679437164		40874.61453316532		52240.52821260248
356		3.55		135.1104586784453		11102.02638960785		40344.286231256185		51446.31262086403
357		3.56		132.2003748446632		10862.904800985974		39864.56788291803		50727.47268390401
358		3.57		129.76374468347444		10662.686900641096		39464.15267754334		50126.83957818443
359		3.58		127.84502913508047		10505.026044029562		39149.65023432268		49654.67627835224
360		3.59		126.41521447273873		10387.53817322494		38915.071660990034		49302.60983421498
361		3.6		148.76608353025995		12224.10908368146		38711.425998568775		50935.53508225024
362		3.61		147.74551976353376		12140.24935896957		38541.83837690212		50682.08773587168
363		3.62		147.09590014315853		12086.870114763336		38433.93311014619		50520.80322490953
364		3.63		146.9076514115994		12071.401716491124		38403.86799010204		50475.26970659316
365		3.64		147.10259149454342		12087.419943106634		38438.42602503148		50525.84596813811
366		3.65		147.4639237361548		12117.11061339984		38500.26849925835		50617.37911265819
367		3.66		147.7739482323687		12142.585326253737		38552.04110289758		50694.626429151314
368		3.67		147.94652057867464		12156.765595949695		38579.20878515564		50735.974381105334
369		3.68		148.06465546207343		12166.472739318573		38596.22137773074		50762.694117049316
370		3.69		148.31823221817828		12187.30914136771		38635.53876760111		50822.84790896882
371		3.7		150.57202437899343		12372.50324322189		38728.11435688445		51100.61760010634
372		3.71		151.5637959996159		12453.99711728844		38890.861814160395		51344.858931448834
373		3.72		152.98397485276834		12570.693213651975		39125.00778419731		51695.700997849286
374		3.73		154.74619802493007		12715.495091708504		39415.97283708765		52131.46792879615
375		3.74		156.7033237333919		12876.312111172812		39739.06476807611		52615.37687924892
376		3.75		158.69409214811202		13039.893551810364		40067.28013624626		53107.17368805663
377		3.76		160.5877019951735		13195.491472943406		40378.946756476675		53574.43822942008
378		3.77		162.3014674557463		13336.311580838672		40660.81725607608		53997.12883691475
379		3.78		163.77698846883354		13457.555142484052		40903.99771975797		54361.552862242024
380		3.79		164.92738819752958		13552.083488191007		41094.888881333165		54646.97236952417
381		3.8		150.7222820271396		12384.849914170063		41216.49325831431		53601.34317248437
382		3.81		150.9280094222743		12401.75453422828		41253.87377180877		53655.62830603705
383		3.82		150.36909454807113		12355.828499015006		41164.62886037567		53520.457359390675
384		3.83		148.92738457765554		12237.363190745957		40926.843142952814		53164.20633369877
385		3.84		146.81687386007073		12063.942525082013		40573.76923411151		52637.711759193524
386		3.85		144.69991323730451		11889.991870709313		40215.806424303184		52105.7982950125
387		3.86		143.50578917326195		11791.870696366934		40011.53655148387		51803.4072478508
388		3.87		143.94260849867612		11827.764140336218		40082.43411446155		51910.19825479777
389		3.88		146.09323796894012		12004.48136390781		40441.25378050011		52445.735144407925
390		3.89		149.45900217029717		12281.046208333319		41001.72108265716		53282.76729099048
391		3.9		153.84669669520866		12641.583067445295		41640.206842174885		54281.78990962018
392		3.91		157.474057088827		12939.643270988916		42240.86277434823		55180.50604533714
393		3.92		160.3513063224294		13176.066840514024		42716.7310738468		55892.797914360825
394		3.93		162.1116521074283		13320.714453667384		43007.94594725547		56328.66040092286
395		3.94		162.53241802427758		13355.288789054888		43077.93529305668		56433.22408211157
396		3.95		161.5410929781384		13273.831610013633		42914.131838132984		56187.96344814662
397		3.96		159.2674399536294		13087.005540989729		42536.879569866665		55623.8851108564
398		3.97		156.10450051821786		12827.106807581962		42010.77139267955		54837.87820026151
399		3.98		152.67025079567472		12544.914507880592		41439.813080557265		53984.72758843786
400		3.99		149.57813884702142		12290.83566905975		40928.71011359479		53219.54578265454
401		4.0		147.53931306443005		12123.305354504217		40526.35268755283		52649.65804205705
402		4.01		145.5846575844078		11962.69131371079		40209.26486675537		52171.956180466164
403		4.02		143.80208191581025		11816.217071022129		39918.91813276845		51735.135203790574
404		4.03		141.94726756885171		11663.806976132546		39614.03957647889		51277.84655261144
405		4.04		139.98538376464305		11502.59898394072		39290.0487287914		50792.64771273212
406		4.05		138.02174937053732		11341.247145777052		38965.86890675536		50307.11605253241
407		4.06		136.17460327123706		11189.467150797549		38661.88652136963		49851.353672167184
408		4.07		134.49106708667009		11051.13098251168		38385.98889497352		49437.119877485195
409		4.08		132.93104271430943		10922.943779834806		38131.160658474546		49054.104438309354
410		4.09		131.40592166957398		10797.624583588895		37881.9255334299		48679.55011701879
411		4.1		148.17581006664489		12175.60631317621		37582.17272516147		49757.779038337685
412		4.11		146.1047273398738		12005.42544551743		37237.93903834384		49243.36448386127
413		4.12		144.23639520449277		11851.904593953172		36923.23143999355		48775.13603394672
414		4.13		143.29925324506863		11774.89963914729		36762.06260038607		48536.96223953336
415		4.14		143.92212042789157		11826.08063555985		36863.66223122768		48689.742866787536
416		4.15		146.17557663617046		12011.247132194127		37240.677824580445		49251.92495677457
417		4.16		149.48614776041467		12283.276761473273		37794.26935274043		50077.54611421371
418		4.17		152.98889401361058		12571.09742109838		38377.452928558196		50948.55034965658
419		4.18		155.94766189350298		12814.21937778914		38867.176927524895		51681.39630531403
420		4.19		157.97599014670877		12980.88711035506		39199.869974825604		52180.75708518067
421		4.2		151.13205614078572		12418.521053088363		39382.28691796129		51800.80797104965
422		4.21		151.7707173406546		12470.99984388159		39482.12148590836		51953.12132978995
423		4.22		152.33575471253826		12517.42896472927		39570.59447475631		52088.02343948558
424		4.23		153.18560250371053		12587.260957729894		39708.69488097516		52295.95583870506
425		4.24		154.44132386676043		12690.443582131704		39916.763780131216		52607.20736226292
426		4.25		155.94784973263862		12814.234812530914		40167.71285436882		52981.94766689974
427		4.26		157.3983716739369		12933.424200447396		40409.00249960639		53342.42670005378
428		4.27		158.5071031512682		13024.52866593971		40592.76648282574		53617.29514876545
429		4.28		159.09589971736546		13072.91007977592		40690.240349684755		53763.15042946067
430		4.29		159.0696440584677		13070.75265228429		40686.69327139448		53757.445923678766
431		4.3		149.37236238513572		12273.927017186601		40584.540965474414		52858.467982661015
432		4.31		148.14510933911166		12173.083634394805		40383.39599270318		52556.479627097986
433		4.32		146.31809753141312		12022.958074156215		40082.20399646872		52105.16207062494
434		4.33		144.0284560604891		11834.81823449039		39703.3590901742		51538.17732466459
435		4.34		141.55379333685954		11631.475198489748		39293.58937224783		50925.06457073758
436		4.35		139.2212934439943		11439.813682293012		38907.92062719627		50347.73430948928
437		4.36		137.30628513143353		11282.457449249894		38591.6698327267		49874.127281976595
438		4.37		136.01420323967818		11176.287080204356		38377.845200274736		49554.13228047909
439		4.38		135.5183310142457		11135.541259440568		38295.0264894629		49430.56774890347
440		4.39		135.93788097018776		11170.015679320328		38364.2216619535		49534.23734127383
441		4.4		151.22080071421024		12425.813194686656		38567.57026471484		50993.3834594015
442		4.41		152.8191181589436		12557.146939120397		38834.31697968864		51391.46391880904
443		4.42		154.4058284072782		12687.52692022605		39098.454044485414		51785.98096471146
444		4.43		155.63215117835392		12788.293862325343		39301.48276731791		52089.77662964325
445		4.44		156.29618080156584		12842.857176464666		39410.562913826536		52253.4200902912
446		4.45		156.33264705111085		12845.85360818978		39415.907299310886		52261.76090750066
447		4.46		155.74766511715117		12797.785642676312		39319.018791728835		52116.804434405145
448		4.47		154.57827307926354		12701.696698923086		39125.91630087328		51827.612999796365
449		4.48		152.8928021494334		12563.201552618943		38847.69812600936		51410.8996786283
450		4.49		150.79962944924358		12391.205551844345		38502.22793726495		50893.433489109295
451		4.5		147.65752739610025		12133.019026137557		38115.56835343732		50248.58737957488
452		4.51		145.24609044496196		11934.871251862525		37717.22071323097		49652.091965093496
453		4.52		142.98326138105324		11748.934587681146		37342.91860087665		49091.8531885578
454		4.53		141.11712839350082		11595.594440093962		37033.835999120376		48629.43043921434
455		4.54		139.88625379732406		11494.453474526119		36829.88880446588		48324.342278992
456		4.55		139.45691268900265		11459.174515655348		36758.974962550805		48218.14947820615
457		4.56		139.87101643122753		11493.201420153966		36828.15703396222		48321.35845411618
458		4.57		141.02597888608187		11588.104685069347		37020.48052459115		48608.585209660494
459		4.58		142.68008312545848		11724.022430418923		37296.076036682774		49020.0984671017
460		4.59		144.46937381501826		11871.04844638005		37594.89806458625		49465.9465109663
461		4.6		151.44995828343514		12444.643072149865		37838.45385235918		50283.09692450904
462		4.61		151.99477100365198		12489.410333370084		37932.44906563126		50421.85939900135
463		4.62		151.25198234594865		12428.3753893666		37812.298866125995		50240.674255492595
464		4.63		149.099937869761		12251.541894758262		37456.28057593116		49707.822470689425
465		4.64		145.81783292132832		11981.851331145548		36909.8968215342		48891.74815267975
466		4.65		142.0913218273312		11675.643914551805		36288.122834821326		47963.76674937313
467		4.66		138.79535683175857		11404.814470865602		35738.868886347		47143.683357212605
468		4.67		136.6424396838664		11227.909268823303		35381.99407314264		46609.90334196594
469		4.68		135.94113020546942		11170.282668983422		35267.82333130668		46438.10600029011
470		4.69		136.60926066309992		11225.182948686921		35380.60212516276		46605.78507384968
471		4.7		151.69950560705993		12465.148375732115		35662.494349309614		48127.64272504173
472		4.71		153.95952478954632		12650.854151957023		36035.46416201373		48686.318313970754
473		4.72		156.55204238002946		12863.881322367022		36462.84625163974		49326.72757400676
474		4.73		159.27721614527954		13087.80885065762		36912.466764711724		50000.27561536935
475		4.74		161.91935184229592		13304.913140881457		37348.61191087209		50653.525051753546
476		4.75		164.2708298635112		13498.134089884716		37736.201895532104		51234.33598541682
477		4.76		166.20991170396871		13657.468444715108		38054.36850258317		51711.83694729828
478		4.77		167.76828092518588		13785.519643622523		38308.31444367602		52093.83408729854
479		4.78		169.12429206026854		13896.943078592267		38528.51061449737		52425.453693089636
480		4.79		170.49989918064725		14009.976715673783		38753.20208664624		52763.17880232002
481		4.8		151.56425833348302		12454.0351072623		39011.225751381266		51465.26085864357
482		4.81		153.47114479935217		12610.723968162769		39327.16479629519		51937.88876445796
483		4.82		155.50351725633965		12777.72401295343		39663.471699499765		52441.19571245319
484		4.83		157.44885734306462		12937.57260787962		39984.05269336062		52921.625301240245
485		4.84		159.19766782580606		13081.272365246485		40271.29797488642		53352.57034013291
486		4.85		160.7221198248532		13206.536586008187		40521.90938175271		53728.4459677609
487		4.86		161.98161472020794		13310.029281559488		40730.07054996859		54040.099831528074
488		4.87		162.85765601536002		13382.013594782133		40875.978147319256		54257.99174210139
489		4.88		163.18049659299325		13408.541405046255		40930.55142178579		54339.09282683205
490		4.89		162.82429257924875		13379.27212123687		40872.05416083048		54251.32628206735
491		4.9		149.09773519325134		12251.360900829462		40722.26907333248		52973.629974161944
492		4.91		147.8626399625615		12149.87312572368		40516.9647050118		52666.83783073548
493		4.92		146.51407330942158		12039.06140383517		40293.08338284234		52332.14478667751
494		4.93		145.27607572637345		11937.335142436106		40087.93122578408		52025.26636822018
495		4.94		144.33304681306294		11859.84645662938		39931.69181580007		51791.53827242945
496		4.95		143.83023802863016		11818.53065881254		39847.93949918208		51666.47015799462
497		4.96		143.88733633994346		11823.222427053153		39856.46336281244		51679.685789865594
498		4.97		144.58225859438141		11880.32418870032		39970.68113192628		51851.0053206266
499		4.98		145.90023972543304		11988.622698238833		40188.759774461425		52177.38247270026
500		4.99		147.68780540988382		12135.506970530154		40485.48332712075		52620.990297650904
501		5.0		151.96771194656756		12487.186890649456		40812.55923390083		53299.746124550285
502		5.01		153.72878586405537		12631.894334449431		41105.23110397852		53737.12543842795
503		5.02		154.96778773243028		12733.703117973797		41310.60994793094		54044.31306590474
504		5.03		155.5056185644541		12777.896677441193		41398.74677789639		54176.64345533759
505		5.04		155.34792820897795		12764.939260931718		41370.77707478478		54135.7163357165
506		5.05		154.66833006876456		12709.096681750383		41256.079912162226		53965.176593912605
507		5.06		153.7347214988675		12632.382065561942		41099.77807437075		53732.16013993269
508		5.07		152.81398728361035		12556.725335094263		40946.49535688045		53503.22069197471
509		5.08		152.10259542609887		12498.270266162544		40828.6563086066		53326.926574769146
510		5.09		151.70594705972871		12465.677669897908		40763.41532667148		53229.09299656939
511		5.1		149.95051614040653		12321.433911257205		40756.12940589992		53077.563317157124
512		5.11		150.18941762855604		12341.06444653845		40797.34685107223		53138.411297610684
513		5.12		150.55024262377822		12370.713436395856		40859.51488623319		53230.228322629046
514		5.13		150.79244169235733		12390.614933861003		40902.25402355614		53292.868957417144
515		5.14		150.67535032740255		12380.993536402668		40884.95089177599		53265.94442817866
516		5.15		150.04932255715903		12329.552834521757		40782.347781651086		53111.90061617285
517		5.16		148.91682011157488		12236.495108568108		40594.7101801472		52831.20528871531
518		5.17		147.44878901096973		12115.866993031383		40350.262143722		52466.129136753385
519		5.18		145.96970036507918		11994.330278998557		40102.68390100262		52097.01418000118
520		5.19		144.91211977685143		11907.428882063883		39924.03090693652		51831.4597890004
521		5.2		149.7587796237296		12305.678921681862		39880.864865425036		52186.5437871069
522		5.21		150.60532390399158		12375.239465190989		40019.81858939444		52395.05805458543
523		5.22		152.52351629764536		12532.857334177519		40338.800144594294		52871.65747877181
524		5.23		155.14660946294933		12748.396899570545		40775.906738355065		53524.30363792561
525		5.24		157.89362995203052		12974.119573158348		41233.09596801084		54207.21554116919
526		5.25		160.18727860095183		13162.588682640213		41613.84076152489		54776.4294441651
527		5.26		161.6101404001148		13279.505236677434		41849.35299275473		55128.85822943216
528		5.27		161.9436726776311		13306.911583920948		41904.339855135986		55211.251439056934
529		5.28		161.13127213595652		13240.156631411548		41770.140519379434		55010.29715079098
530		5.29		159.22974628478838		13083.908252221061		41456.33958577497		54540.24783799603
531		5.3		147.3019908270564		12103.804586259224		41010.85234405059		53114.656930309815
532		5.31		144.0540287682786		11836.919543889453		40473.9064831409		52310.82602703035
533		5.32		140.61023168741468		11553.942737754864		39903.68747627229		51457.63021402715
534		5.33		137.41822500008809		11291.655548257238		39374.6319869143		50666.287535171534
535		5.34		134.93004677694626		11087.201943661674		38962.66725969466		50049.869203356335
536		5.35		133.46012708808098		10966.418642827613		38720.62170133031		49687.040344157926
537		5.36		133.0879718014759		10935.838642927276		38661.14056205346		49596.97920498073
538		5.37		133.6844440156884		10984.850764769117		38761.58374943181		49746.434514200926
539		5.38		135.02240830882508		11094.791290736157		38983.59864847062		50078.38993920678
540		5.39		136.8691034836317		11246.534233250017		39288.806093983025		50535.34032723304
541		5.4		152.14055632436106		12501.389513172748		39642.050733480755		52143.4402466535
542		5.41		154.18352498516154		12669.260248030725		39979.34221472661		52648.602462757335
543		5.42		155.93829450500317		12813.449659476111		40269.30140182776		53082.751061303876
544		5.43		157.22648906465898		12919.300606443028		40482.22728835927		53401.5278948023
545		5.44		157.91377309604633		12975.774735302126		40595.66982032375		53571.44455562587
546		5.45		157.94024369320582		12977.949824270723		40599.728321366645		53577.67814563737
547		5.46		157.32608963913557		12927.48478564777		40497.97054479014		53425.455330437915
548		5.47		156.15236308922002		12831.03967504121		40304.04114117144		53135.08081621265
549		5.48		154.53236084446874		12697.924090589997		40036.88554721074		52734.80963780073
550		5.49		152.5805552366437		12537.544223795014		39715.72100152591		52253.26522532092
551		5.5		147.83677478979428		12147.747784477397		39360.56478041062		51508.312564888016
552		5.51		145.49776271139683		11955.551161995478		38976.96371899048		50932.51488098596
553		5.52		142.99810311868967		11750.154133262731		38566.390455784305		50316.54458904704
554		5.53		140.4151894053405		11537.91611343683		38140.57955448974		49678.495667926574
555		5.54		137.96392226969027		11336.49549290045		37734.69268015576		49071.18817305621
556		5.55		136.00420303573753		11175.465363446552		37408.653906902444		48584.119270348994
557		5.56		134.97244607035083		11090.685893600727		37235.168422843046		48325.85431644377
558		5.57		135.28272844493134		11116.181796320008		37283.24432688785		48399.42612320786
559		5.58		137.20636015934264		11274.246614293184		37599.415384651475		48873.66199894466
560		5.59		140.68987181459687		11560.486767005425		38176.89574518091		49737.382512186334
561		5.6		154.58696475813758		12702.410894176166		38939.09012925246		51641.501023428624
562		5.61		159.2363032338621		13084.447036726448		39710.28383870719		52794.73087543364
563		5.62		163.18484871099233		13408.89901858224		40362.421495765746		53771.320514347986
564		5.63		165.98938414201425		13639.34769494931		40823.14542869769		54462.493123647
565		5.64		167.53460290098025		13766.318320373546		41075.04928230737		54841.36760268092
566		5.65		167.9245758317794		13798.362396097315		41136.20732640539		54934.5697225027
567		5.66		167.39418182576128		13754.779920622805		41045.48723502938		54800.26715565218
568		5.67		166.26830243731717		13662.266411274351		40856.4410890662		54518.70750034055
569		5.68		164.9285285981338		13552.177194908654		40632.39563252995		54184.572827438606
570		5.69		163.7471363733023		13455.10219579425		40435.52409171048		53890.62628750473
571		5.7		149.3737624166241		12274.042057774002		40331.698182954584		52605.740240728584
572		5.71		149.45108867101587		12280.395956097374		40344.97279883511		52625.36875493248
573		5.72		150.19884135037404		12341.838793760235		40469.00890807197		52810.8477018322
574		5.73		151.50708457917563		12449.337139870862		40685.18983339474		53134.5269732656
575		5.74		153.2396765002177		12591.70421802289		40971.07066657879		53562.77488460168
576		5.75		155.24904050752298		12756.813658503164		41302.604617274046		54059.41827577721
577		5.76		157.36675209354107		12930.82601952627		41652.416078528906		54583.242098055176
578		5.77		159.3876535114254		13096.883489033826		41986.86119854982		55083.74468758365
579		5.78		161.07351261889508		13235.41053189461		42266.35409903216		55501.76463092677
580		5.79		162.19548670597754		13327.603142630174		42452.487359919694		55780.090502549865
581		5.8		150.46450936186747		12363.668734264651		42529.16370452025		54892.8324387849
582		5.81		150.37011758031582		12355.91256157455		42512.66045894928		54868.57302052383
583		5.82		149.82616780190037		12311.216208282152		42421.681472304415		54732.89768058657
584		5.83		149.0020230063565		12243.496230432313		42285.273988400826		54528.77021883314
585		5.84		148.02792816502657		12163.454857320234		42125.59519557369		54289.05005289392
586		5.85		146.94015522705118		12074.072555006795		41947.824249612684		54021.89680461948
587		5.86		145.74936124996785		11976.225013909858		41751.42905659001		53727.65407049986
588		5.87		144.6080270264146		11882.441580760487		41560.04171576902		53442.483296529506
589		5.88		143.8804876082506		11822.659666769952		41436.1353838863		53258.79505065625
590		5.89		143.91032631152373		11825.111513017906		41441.2973044121		53266.40881743001
591		5.9		150.69887677921895		12382.926704948422		41562.02476223683		53944.95146718525
592		5.91		151.49547131909142		12448.382878289744		41699.76134601209		54148.14422430184
593		5.92		151.75875549367717		12470.016938915454		41746.661192391104		54216.67813130656
594		5.93		151.106204117623		12416.396792345082		41639.4364390922		54055.83323143728
595		5.94		149.49109353339773		12283.683155639292		41371.826824689386		53655.50998032868
596		5.95		147.11503494931134		12088.442421784912		40977.88485960664		53066.327281391554
597		5.96		144.34915738940805		11861.17026268766		40518.39091313727		52379.56117582493
598		5.97		141.72476251384282		11645.523735762465		40080.35330570001		51725.877041462474
599		5.98		139.91352016121178		11496.693951646772		39775.62054253807		51272.314494184844
600		5.99		139.56485511944405		11468.044145164717		39714.561190113614		51182.605335278335
601		6.0		151.3983231317971		12440.400211739769		39946.84722422695		52387.24743596672
602		6.01		154.22648568056576		12672.79032837209		40419.709573485336		53092.49990185742
603		6.02		157.73916841854978		12961.427468952235		41006.88828663184		53968.31575558407
604		6.03		161.0011544031117		13229.46485730369		41551.068341840655		54780.533199144345
605		6.04		163.21050057233643		13411.006832028885		41918.954802137305		55329.96163416619
606		6.05		163.86137696188808		13464.489344958343		42027.67397371276		55492.1633186711
607		6.06		162.75241190908721		13373.365686569698		41845.00051687827		55218.36620344797
608		6.07		159.9270337006312		13141.204359180865		41378.781881142815		54519.98624032368
609		6.08		155.6156375119572		12786.936934357524		40667.11974972731		53454.05668408483
610		6.09		150.21152015363134		12342.880611023887		39774.37134900128		52117.25196002517
611		6.1		144.07639302328545		11838.757214723366		38794.330985342465		50633.08820006583
612		6.11		138.37770935192677		11370.496377447822		37849.87121405095		49220.367591498776
613		6.12		133.7419678203		10989.577495794052		37081.296403185384		48070.87389897944
614		6.13		130.8505889579684		10751.992894676263		36604.293037392796		47356.28593206906
615		6.14		129.92332266022615		10675.799422990782		36456.15696595518		47131.95638894597
616		6.15		130.6293858744132		10733.816637300533		36579.34317123658		47313.15980853711
617		6.16		132.33648642063542		10874.089089183613		36865.61516734663		47739.70425653024
618		6.17		134.47199802672134		11049.564077855694		37218.89512371053		48268.45920156622
619		6.18		136.724904172869		11234.685375884646		37588.38644463818		48823.071820522826
620		6.19		139.0502472016633		11425.758812560673		37968.023762755205		49393.782575315876
621		6.2		152.51065758661485		12531.800733892143		38377.50046276255		50909.3011966547
622		6.21		155.17731183476582		12750.919713462708		38813.891165823195		51564.810879285906
623		6.22		158.08154038816156		12989.560173695236		39291.086679094224		52280.64685278946
624		6.23		161.16609371553906		13243.017920605846		39799.06814382744		53042.086064433286
625		6.24		164.27666312435986		13498.61340892865		40311.59346172756		53810.20687065621
626		6.25		167.23253397700037		13741.497316890122		40798.49910700959		54539.99642389971
627		6.26		169.87057033753882		13958.264764635565		41232.95005242156		55191.21481705713
628		6.27		172.0546719234594		14137.73239195066		41592.67433626964		55730.4067282203
629		6.28		173.6725695471116		14270.67503968616		41859.20169940273		56129.87673908889
630		6.29		174.63940579265358		14350.119973982344		42018.413299685926		56368.53327366827
631		6.3		150.38925012190535		12357.484682516962		42082.334753114534		54439.81943563149
632		6.31		150.40917498964095		12359.121908898796		42085.1716585976		54444.293567496396
633		6.32		150.09601102813178		12333.389226181589		42032.987362826476		54366.37658900807
634		6.33		149.51383063355192		12285.551463158961		41936.52538114126		54222.07684430022
635		6.34		148.73685985758533		12221.707774497787		41808.1409640374		54029.848738535184
636		6.35		147.83621446899113		12147.701742917001		41659.530943074504		53807.232685991505
637		6.36		146.8783382024728		12068.99305009719		41501.51819879148		53570.511248888666
638		6.37		145.9324246375373		11991.267332466441		41345.36885240641		53336.636184872856
639		6.38		145.07848237623557		11921.098896855277		41204.217347942096		53125.316244797374
640		6.39		144.4067643923088		11865.903830116014		41093.06948251219		52958.97331262821
641		6.4		149.54985100185064		12288.511256822068		41018.7582839877		53307.269540809764
642		6.41		149.34591400416375		12271.753753722134		40985.663325308495		53257.41707903063
643		6.42		149.37367983750892		12274.035272248108		40991.384959828436		53265.42023207655
644		6.43		149.55930010884933		12289.287689944149		41023.25399753593		53312.54168748008
645		6.44		149.81168396899255		12310.026071732118		41065.63994855225		53375.66602028436
646		6.45		150.07255115801144		12331.4615286538		41108.81241945363		53440.273948107424
647		6.46		150.32702735618102		12352.371837857394		41150.8724391427		53503.24427700009
648		6.47		150.56225545627365		12371.700530842005		41190.3901290146		53562.09065985661
649		6.48		150.7174281374201		12384.451070051808		41217.409609853465		53601.86067990527
650		6.49		150.68339370939242		12381.654461100776		41213.258891905716		53594.913353006494
651		6.5		149.6838827153538		12299.524642720622		41161.79661131966		53461.32125404028
652		6.51		149.07334736328264		12249.356952840935		41060.57822652688		53309.935179367814
653		6.52		148.26695600524937		12183.09577495134		40925.96078412914		53109.05655908048
654		6.53		147.4589033779215		12116.69809056381		40790.72410092335		52907.42219148716
655		6.54		146.854650951515		12067.046668685987		40690.19177055749		52757.238439243476
656		6.55		146.5408806539339		12041.264163333748		40639.76031547794		52681.02447881169
657		6.56		146.40177071330433		12029.833499512217		40619.68930658823		52649.522806100445
658		6.57		146.1790292510646		12011.530833559978		40585.51231165815		52597.04314521813
659		6.58		145.63266975249306		11966.636473562356		40496.50765486233		52463.14412842469
660		6.59		144.65526925528118		11886.323474706454		40335.294132761795		52221.61760746825
661		6.6		148.54926089936478		12206.292768100804		40095.78310224296		52302.07587034376
662		6.61		146.70126616271693		12054.443040590451		39790.87170489644		51845.31474548689
663		6.62		144.60516233587876		11882.206189139159		39444.4543792052		51326.660568344356
664		6.63		142.50186766726452		11709.378466219126		39095.29430893449		50804.67277515362
665		6.64		140.76551286494308		11566.702192112372		38805.50273859042		50372.20493070279
666		6.65		139.81951888688045		11488.969866934965		38647.537396790205		50136.50726372517
667		6.66		139.89352366846435		11495.050839837715		38661.934964454194		50156.98580429191
668		6.67		140.81071189279112		11570.416196230646		38818.939985912606		50389.35618214325
669		6.68		142.04776026940695		11672.06446133717		39028.759194207945		50700.823655545115
670		6.69		143.04222774229223		11753.779853584152		39195.42181684953		50949.20167043368
671		6.7		150.40803054584012		12359.027869951682		39260.86582807178		51619.89369802346
672		6.71		150.26670852106736		12347.415439176104		39231.93254232215		51579.34798149826
673		6.72		150.04868895964944		12329.500771814395		39189.390371251044		51518.89114306544
674		6.73		150.30063084705392		12350.202836702421		39227.170495234604		51577.37333193702
675		6.74		151.30287932449207		12432.557594093512		39393.522818256635		51826.080412350144
676		6.75		152.89418021508325		12563.31478827339		39660.41522757279		52223.73001584618
677		6.76		154.5908439643529		12702.729648550878		39944.8887967563		52647.61844530718
678		6.77		155.87323361393797		12808.103606057284		40159.03345426522		52967.13706032251
679		6.78		156.4138015941586		12852.522076992012		40248.500727913975		53101.02280490599
680		6.79		156.1415870533523		12830.154208173959		40202.570013250064		53032.724221424025
681		6.8		149.09827058276338		12251.404893785666		40052.80400858774		52304.2089023734
682		6.81		147.7895845876867		12143.870165570217		39836.59254289422		51980.46270846444
683		6.82		146.2519679568298		12017.524207012704		39582.55725208591		51600.08145909862
684		6.83		144.7015515377692		11890.126489858496		39324.7916268294		51214.9181166879
685		6.84		143.4876622570701		11790.38120766345		39120.25446923436		50910.63567689781
686		6.85		143.10321433525183		11758.791121927643		39051.76606359139		50810.557185519036
687		6.86		144.01714571843186		11833.888863683545		39199.6752903379		51033.56415402145
688		6.87		146.40671132732544		12030.239469766331		39594.930474864916		51625.16994463125
689		6.88		150.01723566593873		12326.916254670186		40194.01631939041		52520.93257406059
690		6.89		154.29165237088296		12678.145075315453		40902.05809339237		53580.20316870783
691		6.9		154.31956284489323		12680.438478964876		41615.62209195362		54296.0605709185
692		6.91		158.32776828459296		13009.792719945004		42276.34366353194		55286.13638347694
693		6.92		161.72165206131828		13288.668149878524		42835.26256538575		56123.93071526427
694		6.93		164.29739506959848		13500.316952868907		43259.28972024639		56759.6066731153
695		6.94		165.91954350733954		13633.60888999809		43526.10470292687		57159.713592924956
696		6.95		166.52316780717234		13683.208698715353		43624.88952219717		57308.09822091252
697		6.96		166.12386427409422		13650.397927402322		43558.209905911084		57208.60783331341
698		6.97		164.81486990963646		13542.837860474829		43341.600626303094		56884.43848677792
699		6.98		162.7454831041522		13372.796346668187		42999.96770335347		56372.76405002165
700		6.99		160.08624442559272		13154.286704450955		42561.695153600354		55715.98185805131
701		7.0		147.07059382633855		12084.790694710238		42079.39904674783		54164.18974145807
702		7.01		143.97590784517487		11830.50034763802		41570.27253247249		53400.77288011051
703		7.02		140.8232496427257		11571.446423142772		41051.63826340772		52623.084686550494
704		7.03		137.718320347085		11316.314382919976		40540.6047122772		51856.919095197176
705		7.04		134.78518952523373		11075.299023288455		40057.50251076837		51132.80153405682
706		7.05		132.16928396512577		10860.350063414386		39626.43834199662		50486.788405411
707		7.06		130.01772673714078		10683.556605990858		39272.0201527818		49955.57675877266
708		7.07		128.44208191921922		10554.085871302243		39013.00692047604		49567.09279177828
709		7.08		127.48438347317878		10475.391789991101		38856.33135357635		49331.723143567455
710		7.09		127.11741511694278		10445.238000159188		38796.93140782407		49242.16940798326
711		7.1		149.9695723419534		12322.999759338312		38792.04908534973		51115.04884468805
712		7.11		150.11288251063377		12334.775555898777		38813.811322289555		51148.58687818833
713		7.12		150.60532311537807		12375.239400390616		38891.60513501159		51266.844535402204
714		7.13		151.72281472181436		12467.063685691486		39072.37938334619		51539.443069037676
715		7.14		153.70394514447318		12629.853172521362		39397.02421820258		52026.877390723945
716		7.15		156.60953711721146		12868.605664921266		39876.06088721134		52744.66655213261
717		7.16		160.27613581703906		13169.890080086101		40481.692905211996		53651.5829852981
718		7.17		164.3868476624848		13507.667272426377		41160.44699542782		54668.114267854195
719		7.18		168.58553027483418		13852.673022683124		41853.089838765336		55705.76286144846
720		7.19		172.54627391637118		14178.12732770822		42506.13559782096		56684.26292552918
721		7.2		153.34412883117218		12600.287066057419		43057.86614549519		55658.153211552606
722		7.21		156.22612531364587		12837.100717022282		43533.17621203331		56370.27692905559
723		7.22		158.42888134750024		13018.101180324094		43895.82695899139		56913.92813931548
724		7.23		159.83188717417048		13133.386169101588		44125.81638550516		57259.202554606745
725		7.24		160.43148945556064		13182.655488563418		44222.796544819874		57405.45203338329
726		7.25		160.3229002663232		13173.732714883776		44202.89120129468		57376.62391617846
727		7.26		159.65945548210397		13119.217456964483		44091.80248944107		57211.019946405555
728		7.27		158.60621597680645		13032.672766814187		43917.11551360942		56949.7882804236
729		7.28		157.2974887985792		12925.134654579253		43701.22677521842		56626.361429797675
730		7.29		155.80795600128607		12802.739744625676		43456.43792976162		56259.17767438729
731		7.3		148.4025377346282		12194.2365256544		43194.34835444582		55388.58488010022
732		7.31		146.67894898462532		12052.609238066663		42911.40246723607		54964.011705302735
733		7.32		144.82739962111032		11900.467426866635		42606.73239139193		54507.19981825857
734		7.33		142.9096119096474		11742.882810615727		42290.21894808486		54033.10175870059
735		7.34		141.0712147135736		11591.821713014342		41986.004914135236		53577.82662714958
736		7.35		139.5203402391345		11464.38635744968		41728.99351947998		53193.379876929655
737		7.36		138.4646741152463		11377.642272049789		41554.27438585006		52931.91665789985
738		7.37		138.02862270916035		11341.811928011706		41483.02983173272		52824.84175974442
739		7.38		138.19139150069057		11355.186639611744		41511.88076148097		52867.06740109272
740		7.39		138.78402302251249		11403.883171759851		41612.32368986452		53016.20686162437
741		7.4		150.724486005709		12385.03101508911		41734.433204629866		54119.464219718975
742		7.41		151.22854319201187		12426.449394087615		41819.16051111729		54245.6099052049
743		7.42		151.35076520390425		12436.492376804812		41839.67825568986		54276.17063249467
744		7.43		151.05792778021313		12412.429925700113		41790.73114379779		54203.1610694979
745		7.44		150.43026833977993		12360.855149479718		41686.000480571936		54046.85563005165
746		7.45		149.6185770934159		12294.158479765985		41550.8630973884		53845.02157715439
747		7.46		148.79096180158942		12226.153331236603		41413.4712189931		53639.6245502297
748		7.47		148.08574054744838		12168.205300783833		41296.849604989424		53465.05490577326
749		7.48		147.58425060938293		12126.997872572996		41214.37248420176		53341.37035677476
750		7.49		147.308233347605		12104.317534172704		41169.42606108117		53273.74359525387
751		7.5		149.90776832947583		12317.921323633029		41154.8924184977		53472.81374213073
752		7.51		149.94187350087932		12320.723745567255		41160.9873494251		53481.71109499235
753		7.52		150.07157543978911		12331.381353887473		41182.3814713309		53513.76282521837
754		7.53		150.298871154184		12350.0582427393		41219.37674098798		53569.43498372728
755		7.54		150.65765361097024		12379.539397213426		41277.911502317875		53657.4508995313
756		7.55		151.1825945473761		12422.673793957894		41364.181693863975		53786.85548782187
757		7.56		151.8703606070507		12479.187531081358		41477.73601451637		53956.923545597725
758		7.57		152.672237546631		12545.07775920667		41610.10659249191		54155.18435169858
759		7.58		153.52838158226473		12615.427114614693		41750.93912306057		54366.36623767526
760		7.59		154.4058524627765		12687.528896866344		41894.8832102542		54582.412107120545
761		7.6		150.9028623197076		12399.688196810373		42043.32600116936		54443.01419797973
762		7.61		151.83130153256818		12475.978046931128		42196.81423005167		54672.7922769828
763		7.62		152.6764005883662		12545.41983634605		42337.2419770094		54882.661813355444
764		7.63		153.28218111730453		12595.196822408914		42438.16377237093		55033.36059477984
765		7.64		153.5141893881376		12614.260942023266		42476.66396296928		55090.92490499254
766		7.65		153.33029482455916		12599.150325734026		42445.432394280826		55044.58272001485
767		7.66		152.81511044853153		12556.817625555836		42358.531388826734		54915.34901438257
768		7.67		152.1650920134604		12503.405610746042		42248.88463900301		54752.29024974905
769		7.68		151.6292027039659		12459.371586184878		42158.36135913152		54617.7329453164
770		7.69		151.42240259687367		12442.37882138511		42123.22361827251		54565.60243965762
771		7.7		150.22769298593434		12344.209532654226		42161.27434747322		54505.483880127445
772		7.71		150.83714009901493		12394.287801936056		42263.57606270959		54657.863864645646
773		7.72		151.63338954606508		12459.715619000168		42397.22690337278		54856.94252237295
774		7.73		152.36157065051046		12519.550260352444		42519.38825359575		55038.9385139482
775		7.74		152.79260231551316		12554.968132265716		42591.798670328215		55146.766802593935
776		7.75		152.78316595730684		12554.192746711902		42590.698620686344		55144.891367398246
777		7.76		152.30071647903034		12514.549873081924		42510.75261930059		55025.302492382514
778		7.77		151.4265005767399		12442.715552390719		42365.332648091055		54808.048200481775
779		7.78		150.3526263043459		12354.475303428102		42186.00444543739		54540.479748865495
780		7.79		149.37334820464147		12274.00802197539		42021.412435772		54295.42045774739
781		7.8		149.46550034276146		12281.580163164708		41930.201464178375		54211.78162734308
782		7.81		149.68320726093293		12299.46914063086		41964.726957127066		54264.19609775793
783		7.82		150.76365393028485		12388.249443451507		42144.25464009104		54532.504083542546
784		7.83		152.53592387293475		12533.876864639049		42439.66187370932		54973.538738348376
785		7.84		154.63105208196725		12706.03354957525		42787.975563920176		55494.00911349543
786		7.85		156.67005733495313		12873.578611213099		43125.35079772678		55998.929408939875
787		7.86		158.40313776417645		13015.98583008238		43410.72839591571		56426.71422599809
788		7.87		159.7284073082287		13124.883228517152		43628.208700032046		56753.0919285492
789		7.88		160.63318478171013		13199.22879351312		43776.51773286468		56975.7465263778
790		7.89		161.12862814635494		13239.939374785987		43857.85586230344		57097.79523708943
791		7.9		150.1456264093811		12337.466122058846		43881.9026482309		56219.368770289744
792		7.91		150.01745743269106		12326.934477244224		43860.73327299737		56187.6677502416
793		7.92		149.6409479178694		12295.996690411328		43798.06395114398		56094.060641555305
794		7.93		149.10285482188536		12251.78158071432		43708.059714621995		55959.841295336315
795		7.94		148.55322400188442		12206.618416234844		43615.9244482337		55822.542864468545
796		7.95		148.15597940290547		12173.976827536742		43549.57762874835		55723.5544562851
797		7.96		148.00789229068926		12161.808509525938		43525.63379554538		55687.442305071316
798		7.97		148.08163621799196		12167.868048032398		43539.436825399825		55707.30487343222
799		7.98		148.23896872928754		12180.796060485558		43567.35296038761		55748.14902087317
800		7.99		148.30481981223207		12186.20704397111		43579.648435657495		55765.855479628604
801		8.0		149.8324925890753		12311.735916044317		43552.5657275174		55864.30164356172
802		8.01		149.37580565617733		12274.209950768092		43477.058207036614		55751.268157804705
803		8.02		148.66440926066556		12215.754508948889		43359.18306052692		55574.937569475806
804		8.03		147.7817486208172		12143.22628417255		43212.935866709435		55356.16215088198
805		8.04		146.83396196031708		12065.346654279256		43055.87405807755		55121.22071235681
806		8.05		145.93407599314642		11991.403024356841		42906.74840163221		54898.151425989054
807		8.06		145.18243840492656		11929.640963732816		42782.41336433862		54712.05432807144
808		8.07		144.6365159015563		11884.782511630881		42692.625208695616		54577.4077203265
809		8.08		144.28763395375128		11856.114881979744		42635.91102635086		54492.02590833061
810		8.09		144.0663038774515		11837.92818961019		42600.48784468736		54438.41603429755
811		8.1		149.76970140838657		12306.576364727125		42563.5349704324		54870.11133515953
812		8.11		149.4061179849625		12276.700714824368		42504.45234381373		54781.1530586381
813		8.12		148.83815553920215		12230.03124065624		42411.59070251706		54641.621943173304
814		8.13		148.0190962725824		12162.729140718096		42277.33997678145		54440.069117499545
815		8.14		146.92186339601307		12072.569515250394		42097.27588031859		54169.84539556899
816		8.15		145.5358972554046		11958.684677476595		41869.67131271223		53828.35599018882
817		8.16		143.86485453150604		11821.375096853852		41595.17096883952		53416.54606569337
818		8.17		141.92248467992096		11661.770566149105		41276.07607241482		52937.846638563926
819		8.18		139.73073686025594		11481.674647807231		40915.87838783749		52397.55303564472
820		8.19		137.33118896808227		11284.503797507321		40521.04810572426		51805.55190323158
821		8.2		147.2800429436266		12102.001128677797		40072.639131095384		52174.64025977318
822		8.21		144.44116774942162		11868.730753969976		39603.429263017955		51472.16001698793
823		8.22		141.76619258773533		11648.928044934213		39160.43010311298		50809.35814804719
824		8.23		139.5906260565524		11470.16174306691		38799.84549715889		50270.007240225794
825		8.24		138.20598716064913		11356.385964990539		38570.742863009196		49927.12882799974
826		8.25		137.75649448711994		11319.451152006644		38497.61201562284		49817.06316762949
827		8.26		138.17207369148895		11353.599295229647		38568.91573793053		49922.515033160176
828		8.27		139.17532770833142		11436.036677793592		38738.01398137181		50174.050659165405
829		8.28		140.3757036331304		11534.671567534326		38939.0542490908		50473.72581662513
830		8.29		141.41370729518806		11619.964328445603		39111.58665906336		50731.55098750896
831		8.3		150.6259301840953		12376.93268322711		39214.037629994324		51590.970313221434
832		8.31		150.73892947478717		12386.217834943262		39230.43899973353		51616.65683467679
833		8.32		150.49491753216185		12366.16737361774		39187.55526785073		51553.72264146847
834		8.33		150.1171448103791		12335.12578906885		39122.99437143509		51458.12016050394
835		8.34		149.8163229579615		12310.407257455696		39071.675260209275		51382.08251766497
836		8.35		149.75880583399402		12305.681075379289		39060.753975726264		51366.43505110555
837		8.36		150.0731764808693		12331.512911433032		39111.19016474857		51442.703076181606
838		8.37		150.85914071207114		12396.095592310887		39239.52337338937		51635.618965700254
839		8.38		152.17374738709793		12504.116822797838		39455.517511275335		51959.63433407317
840		8.39		154.00078595765913		12654.244582140851		39756.80409558267		52411.04867772352
841		8.4		152.2217312830431		12508.059659527653		40123.98264988557		52632.04230941322
842		8.41		154.6849668920267		12710.463729517833		40531.50173807892		53241.965467596754
843		8.42		157.13402776616724		12911.703061545963		40936.79097533443		53848.494036880395
844		8.43		159.30922449452135		13090.438976714819		41296.66988084575		54387.10885756057
845		8.44		160.99534710932923		13228.987671973584		41575.4200960854		54804.40776805898
846		8.45		162.05749919250115		13316.264708647821		41750.67264913493		55066.93735778275
847		8.46		162.46204900111857		13349.506566421913		41816.84525720835		55166.35182363026
848		8.47		162.2820016734912		13334.712077510772		41786.06103467817		55120.77311218894
849		8.48		161.6842284345027		13285.593050463087		41686.04455440223		54971.63760486532
850		8.49		160.90085944051415		13221.223620227049		41555.235985643216		54776.45960587027
851		8.5		149.399359937337		12276.145406050982		41454.343086935165		53730.488492986144
852		8.51		149.28604455361975		12266.834280970936		41434.123051981594		53700.95733295253
853		8.52		149.84052539717078		12312.395971885524		41525.23899849214		53837.634970377665
854		8.53		151.07450082088786		12413.791732452355		41730.35352231791		54144.145254770265
855		8.54		152.77270293892158		12553.333000491188		42013.67072843976		54567.003728930955
856		8.55		154.53030434538155		12697.755108060002		42307.32253060555		55005.07763866555
857		8.56		155.8756001949555		12808.298068019494		42532.152477675394		55340.45054569489
858		8.57		156.42433448858196		12853.38756492678		42623.651964073324		55477.0395290001
859		8.58		156.00572800858578		12818.990670465493		42553.38878918394		55372.37945964943
860		8.59		154.70071429079678		12711.757693274772		42335.53004007148		55047.28773334625
861		8.6		148.13322551195395		12172.107140317257		42025.03191374307		54197.13905406033
862		8.61		146.03223083999902		11999.46840812272		41676.76137071548		53676.2297788382
863		8.62		143.96973884618822		11829.993440991286		41335.790333621284		53165.78377461257
864		8.63		142.1434115791578		11679.924129459398		41034.19884783252		52714.12297729192
865		8.64		140.6982723708942		11561.177040716375		40795.411130001834		52356.58817071821
866		8.65		139.75444833095435		11483.62301935452		40639.18757437597		52122.810593730486
867		8.66		139.40485225218893		11454.896709562365		40581.16783967819		52036.06454924056
868		8.67		139.686198109881		11478.014898688922		40627.7371824231		52105.75208111202
869		8.68		140.55099724030615		11549.075443235957		40771.144096156575		52320.219539392536
870		8.69		141.86377304165887		11656.94623083311		40988.84279034835		52645.78902118147
871		8.7		151.55581763103368		12453.341534742038		41246.67111189677		53700.01264663881
872		8.71		153.04615320753837		12575.802409063428		41493.422440940005		54069.22485000343
873		8.72		154.27877344288362		12677.086813801747		41697.244340763886		54374.33115456563
874		8.73		155.115784879194		12745.864043523372		41835.39720412646		54581.26124764983
875		8.74		155.4851705318155		12776.216462599281		41896.062364984406		54672.27882758369
876		8.75		155.3831779568053		12767.835732710691		41878.650232414715		54646.48596512541
877		8.76		154.87383103708098		12725.982696316943		41793.70704506096		54519.68974137791
878		8.77		154.08583232672535		12661.232842287023		41662.48933470529		54323.72217699232
879		8.78		153.19935571549476		12588.391059142205		41514.94120709929		54103.332266241494
880		8.79		152.41034669860144		12523.55818822408		41383.9454984002		53907.50368662428
881		8.8		149.47469666817852		12282.335825224229		41297.68245057311		53580.01827579734
882		8.81		149.2433323082075		12263.32461576541		41261.58856039803		53524.913176163434
883		8.82		149.1672156266494		12257.070108041782		41252.22679046619		53509.29689850798
884		8.83		149.00215188284216		12243.50682021314		41227.86098293195		53471.36780314508
885		8.84		148.53011659300577		12204.719680447284		41151.164447929805		53355.88412837709
886		8.85		147.68325928816745		12135.133415708719		41010.61020811483		53145.743623823546
887		8.86		146.57936835862407		12044.426698028139		40826.378212435455		52870.804910463594
888		8.87		145.45765265907986		11952.255318996591		40639.13057015713		52591.385889153724
889		8.88		144.56577451370214		11878.969691790906		40490.720134955		52369.689826745904
890		8.89		144.05887199526617		11837.317511851023		40407.24631665159		52244.56382850261
891		8.9		149.84279397376147		12312.58238082398		40382.94441907149		52695.52679989547
892		8.91		149.86181510439752		12314.145347128346		40388.870957480955		52703.0163046093
893		8.92		149.80522991512353		12309.4957421257		40382.91084265676		52692.40658478246
894		8.93		149.38143443207642		12274.672467283719		40316.260555561414		52590.93302284513
895		8.94		148.34295476437265		12189.340592988501		40147.34277880403		52336.68337179253
896		8.95		146.57275064115532		12043.882920183734		39856.053157838134		51899.93607802187
897		8.96		144.1622177171314		11845.809429816687		39456.7709846346		51302.58041445128
898		8.97		141.4561366347512		11623.450747277506		39006.4110752743		50629.86182255181
899		8.98		139.0058001133885		11422.106595317133		38597.620210469504		50019.72680578664
900		8.99		137.37497778627753		11288.101924698425		38326.32582217113		49614.42774686955
901		9.0		149.36396035105943		12273.236622046554		38222.82374718733		50496.060369233885
902		9.01		149.62339748436185		12294.554571290013		38268.833694653025		50563.38826594304
903		9.02		150.48700972886434		12365.517589420782		38413.45711838408		50778.97470780487
904		9.03		151.6792052904578		12463.480298716917		38610.25436751289		51073.73466622981
905		9.04		153.0541399547376		12576.458680080788		38836.154259488365		51412.61293956915
906		9.05		154.54510010312134		12698.97087547348		39081.60173386911		51780.57260934259
907		9.06		156.05826705772972		12823.307804133652		39331.90870813625		52155.21651226991
908		9.07		157.41392195483314		12934.701967028639		39557.25476463328		52491.95673166192
909		9.08		158.37145326746216		13013.382314987366		39717.04531046576		52730.42762545312
910		9.09		158.72026056776335		13042.043810853114		39775.38201326313		52817.425824116246
911		9.1		149.7394016495357		12304.086633542347		39731.31712476013		52035.40375830248
912		9.11		149.0712847715621		12249.187469679257		39618.27288780826		51867.46035748752
913		9.12		148.30273815648346		12186.035994318245		39488.01784411904		51674.05383843728
914		9.13		147.79930429849435		12144.668834207281		39402.49255523759		51547.161389444875
915		9.14		147.82702979869205		12146.947038558526		39406.57765513813		51553.52469369666
916		9.15		148.45404542382076		12198.468912475353		39511.08567305446		51709.55458552981
917		9.16		149.5757329916246		12290.637979921792		39697.38167583316		51988.01965575495
918		9.17		151.02590142866242		12409.79832039319		39937.012545159174		52346.81086555237
919		9.18		152.66901792916283		12544.813203239311		40207.77683945366		52752.59004269297
920		9.19		154.40408333365596		12687.38352752651		40493.85016201141		53181.23368953792
921		9.2		151.72035545066208		12466.861607380904		40777.81169231789		53244.67329969879
922		9.21		153.3574820328715		12601.384298641051		41047.3886927545		53648.772991395555
923		9.22		154.84738908175112		12723.80996084749		41291.235356252015		54015.0453170995
924		9.23		156.24093834221102		12838.31790357948		41518.542516719004		54356.860420298486
925		9.24		157.63166852635788		12952.594202810827		41746.81390088267		54699.408103693495
926		9.25		158.99182231382974		13064.35803952739		41972.76645031606		55037.12448984345
927		9.26		160.07857022296636		13153.656115221145		42155.453882480775		55309.10999770192
928		9.27		160.51813794062187		13189.775394580898		42231.13080837754		55420.90620295843
929		9.28		159.9964697060458		13146.909915745782		42146.508223973935		55293.41813971972
930		9.29		158.40946084522926		13016.505397652489		41884.119678993615		54900.6250766461
931		9.3		147.61232064376276		12129.304387297987		41488.14744713284		53617.45183443083
932		9.31		144.77051076003372		11895.79286915197		41016.5275782669		52912.32044741887
933		9.32		141.91348771447403		11661.031285498331		40542.56781327822		52203.599098776554
934		9.33		139.46777249337845		11460.066865780907		40137.469692733466		51597.53655851437
935		9.34		137.74398804298264		11318.423497491884		39852.969879142576		51171.393376634456
936		9.35		136.87288345677783		11246.844833643434		39710.529118784565		50957.373952427995
937		9.36		136.80455058894302		11241.229921893448		39701.26424799747		50942.49416989092
938		9.37		137.36479375148667		11287.26510255966		39795.67316414201		51082.938266701676
939		9.38		138.3317503152855		11366.719923407009		39956.69287274392		51323.41279615093
940		9.39		139.49444458275588		11462.25851136505		40149.427144717185		51611.685656082234
941		9.4		151.16069195791732		12420.874058182066		40341.33071364576		52762.204771827826
942		9.41		152.08288281340583		12496.650480777556		40493.544746774656		52990.19522755221
943		9.42		152.69851677509834		12547.23712340983		40595.0236145264		53142.26073793623
944		9.43		152.98252152645762		12570.573793829022		40641.832139634476		53212.405933463495
945		9.44		152.9369606282722		12566.830054825128		40634.4225437484		53201.25259857353
946		9.45		152.5812274919067		12537.599463009974		40575.84810855847		53113.447571568446
947		9.46		151.9607925489326		12486.618323745792		40473.22849953606		52959.846823281856
948		9.47		151.1711334616715		12421.732036545547		40342.00148266546		52763.733519211004
949		9.48		150.37307972073245		12356.155960652586		40208.7136303369		52564.86959098948
950		9.49		149.77987100275362		12307.412000296265		40108.80048403667		52416.21248433294
951		9.5		149.83831905508896		12312.21467675666		40080.03363213213		52392.24830888879
952		9.51		150.29800119439113		12349.98675814312		40154.38791283726		52504.37467098038
953		9.52		151.46055581127686		12445.51387101262		40346.234624440236		52791.748495452855
954		9.53		153.21901908157275		12590.006797932834		40638.53140707637		53228.5382050092
955		9.54		155.24244832294082		12756.271978696048		40976.33202305766		53732.6040017537
956		9.55		157.03166497731783		12903.291911186207		41276.07044946965		54179.362360655854
957		9.56		158.05612180196707		12987.471528467635		41448.82468725281		54436.296215720446
958		9.57		157.91117601596542		12975.561333231879		41426.819362552254		54402.38069578413
959		9.58		156.43916940609014		12854.606550098428		41183.48768893673		54038.094239035156
960		9.59		153.7928459912351		12637.158155099789		40743.84356304013		53381.001718139916
961		9.6		146.71312726597108		12055.417667444844		40196.312625008715		52251.73029245356
962		9.61		143.48087623939833		11789.82360059136		39656.63300507841		51446.456605669766
963		9.62		141.09637651937805		11593.889258597295		39257.46183822024		50851.35109681753
964		9.63		140.2323901826967		11522.895501312187		39111.62736091689		50634.52286222908
965		9.64		141.24224537479148		11605.875302446617		39278.24129475266		50884.116597199274
966		9.65		144.06719513085562		11838.001423902408		39746.94484213392		51584.94626603633
967		9.66		148.29280177472432		12185.219521829098		40447.73703428728		52632.956556116376
968		9.67		153.31091319504458		12597.557737236813		41278.68944752392		53876.24718476073
969		9.68		158.49778905542348		13023.763326684148		42136.024645815225		55159.78797249937
970		9.69		163.33797950235112		13421.481775708191		42934.632339746975		56356.114115455166
971		9.7		154.0350424436914		12657.059437598122		43599.456200936555		56256.51563853468
972		9.71		157.3346337395177		12928.18685437617		44142.29475558168		57070.481609957846
973		9.72		159.8057987016369		13131.242479313503		44548.21776580835		57679.46024512185
974		9.73		161.44073948040858		13265.585563105175		44816.31440664708		58081.89996975225
975		9.74		162.28261822567686		13334.762739603868		44954.08192736025		58288.84466696411
976		9.75		162.3888019571799		13343.487856821474		44971.32316905456		58314.81102587603
977		9.76		161.79846956964175		13294.980244537463		44874.65420127617		58169.63444581363
978		9.77		160.51923931421285		13189.86589444887		44665.104751586136		57854.970646035006
979		9.78		158.54844410434129		13027.925652053724		44341.54774201002		57369.473394063745
980		9.79		155.93214155996668		12812.944071982463		43910.6077922012		56723.55186418366
981		9.8		147.00702254962408		12079.567042902612		43415.77153060266		55495.33857350527
982		9.81		143.96202995608272		11829.360001491317		42910.71910937506		54740.079110866376
983		9.82		141.3336340754138		11613.384711976754		42473.89731863587		54087.28203061262
984		9.83		139.58440520474878		11469.650575674208		42183.60548802231		53653.25606369652
985		9.84		138.97567449144668		11419.631172962174		42084.5123822825		53504.14355524467
986		9.85		139.4289950608832		11456.880524152773		42163.396927929716		53620.27745208249
987		9.86		140.5554675240149		11549.442766448305		42354.14239693016		53903.58516337846
988		9.87		141.83680607663692		11654.730355317255		42569.29535246325		54224.0257077805
989		9.88		142.82280207231682		11735.749646282273		42733.8805973844		54469.630243666674
990		9.89		143.23211456347502		11769.382853680743		42801.91645420362		54571.299307884365
991		9.9		149.66232815151045		12297.753504209613		42746.12005042252		55043.87355463213
992		9.91		148.51446191271992		12203.433335368196		42556.871738000555		54760.30507336875
993		9.92		146.60427292821515		12046.47310651144		42242.34977177216		54288.8228782836
994		9.93		144.0066073691138		11833.022927520082		41814.629954616415		53647.6528821365
995		9.94		140.84163209194327		11572.956908994978		41292.8088934332		52865.76580242818
996		9.95		137.32858442617734		11284.289782298993		40712.087392448804		51996.377174747795
997		9.96		133.8500871787338		10998.461663476555		40134.782512581405		51133.24417605796
998		9.97		130.98393388353657		10762.949847210199		39656.28480728921		50419.23465449941
999		9.98		129.43938619638044		10636.034363756582		39395.30978731153		50031.344151068115
1000		9.99		129.85079675054635		10669.839968992394		39459.54694308657		50129.38691207896
