n_spins = 10, n_samples = 10000
T		beta		U_MC		C_MC		M_MC		U_THEO		C_THEO		M_THEO		acc
0.20		5.00		-0.76		37.24		0.00		-0.99		0.00		1.00		0.23
0.40		2.50		-0.76		9.06		0.00		-0.98		0.16		1.00		0.22
0.60		1.67		-0.76		4.13		0.00		-0.92		0.37		1.00		0.18
0.80		1.25		-0.74		2.35		0.00		-0.84		0.43		1.00		0.11
1.00		1.00		-0.73		1.53		0.00		-0.75		0.42		1.00		0.03
1.20		0.83		-0.71		1.13		0.00		-0.68		0.37		1.00		0.05
1.40		0.71		-0.68		0.86		0.00		-0.61		0.32		0.99		0.13
1.60		0.62		-0.66		0.68		0.00		-0.55		0.27		0.98		0.20
1.80		0.56		-0.63		0.56		0.00		-0.50		0.23		0.96		0.27
2.00		0.50		-0.60		0.47		0.00		-0.46		0.19		0.91		0.32
2.20		0.45		-0.58		0.39		0.00		-0.42		0.17		0.78		0.37
2.40		0.42		-0.56		0.32		0.00		-0.39		0.15		0.00		0.43
2.60		0.38		-0.53		0.29		0.00		-0.36		0.13		0.00		0.46
2.80		0.36		-0.51		0.25		0.00		-0.34		0.11		0.00		0.50
3.00		0.33		-0.49		0.21		0.00		-0.32		0.10		0.00		0.53
3.20		0.31		-0.46		0.20		0.00		-0.30		0.09		0.00		0.54
3.40		0.29		-0.44		0.17		0.00		-0.28		0.08		0.00		0.57
3.60		0.28		-0.43		0.15		0.00		-0.27		0.07		0.00		0.59
3.80		0.26		-0.41		0.14		0.00		-0.25		0.06		0.00		0.61
4.00		0.25		-0.39		0.12		0.00		-0.24		0.06		0.00		0.61

