n_spins = 10, n_samples = 1000
T		beta		U_MC		C_MC		U_THEO		C_THEO		acc
0.20		5.00		-0.49		11.00		-0.90		0.00		0.45
0.40		2.50		-0.49		3.09		-0.89		0.15		0.45
0.60		1.67		-0.49		1.35		-0.84		0.33		0.42
0.80		1.25		-0.46		0.79		-0.76		0.39		0.39
1.00		1.00		-0.46		0.55		-0.69		0.38		0.32
1.20		0.83		-0.44		0.38		-0.61		0.33		0.29
1.40		0.71		-0.40		0.33		-0.55		0.29		0.27
1.60		0.62		-0.38		0.30		-0.50		0.24		0.24
1.80		0.56		-0.38		0.21		-0.45		0.21		0.17
2.00		0.50		-0.34		0.19		-0.42		0.18		0.19
2.20		0.45		-0.34		0.15		-0.38		0.15		0.12
2.40		0.42		-0.31		0.15		-0.35		0.13		0.14
2.60		0.38		-0.29		0.11		-0.33		0.12		0.11
2.80		0.36		-0.28		0.11		-0.31		0.10		0.09
3.00		0.33		-0.26		0.09		-0.29		0.09		0.11
3.20		0.31		-0.24		0.07		-0.27		0.08		0.12
3.40		0.29		-0.23		0.07		-0.26		0.07		0.10
3.60		0.28		-0.23		0.07		-0.24		0.06		0.05
3.80		0.26		-0.22		0.05		-0.23		0.06		0.03
4.00		0.25		-0.19		0.05		-0.22		0.05		0.12

