n_spins = 50, n_samples = 1000
T		beta		U_MC		C_MC		M_MC		U_THEO		C_THEO		M_THEO		acc
0.20		5.00		-0.78		-4.3e+04		0.01		-1.00		0.00		1.00		0.22
0.40		2.50		-0.78		-1.1e+04		0.01		-0.99		0.17		1.00		0.21
0.60		1.67		-0.77		-4.8e+03		0.00		-0.93		0.37		1.00		0.17
0.80		1.25		-0.77		-2.7e+03		0.00		-0.85		0.44		1.00		0.10
1.00		1.00		-0.76		-1.7e+03		0.00		-0.76		0.42		1.00		0.01
1.20		0.83		-0.74		-1.2e+03		0.01		-0.68		0.37		1.00		0.08
1.40		0.71		-0.72		-875.57		0.00		-0.61		0.32		0.99		0.17
1.60		0.62		-0.69		-670.32		0.00		-0.55		0.27		0.98		0.25
1.80		0.56		-0.67		-529.62		0.00		-0.50		0.23		0.96		0.33
2.00		0.50		-0.64		-429.00		0.01		-0.46		0.20		0.91		0.39
2.20		0.45		-0.62		-354.52		0.00		-0.43		0.17		0.78		0.45
2.40		0.42		-0.59		-297.93		0.00		-0.39		0.15		0.00		0.51
2.60		0.38		-0.57		0.31		0.00		-0.37		0.13		0.00		0.55
2.80		0.36		-0.54		0.25		0.00		-0.34		0.11		0.00		0.58
3.00		0.33		-0.52		0.26		0.01		-0.32		0.10		0.00		0.61
3.20		0.31		-0.50		0.22		0.00		-0.30		0.09		0.00		0.65
3.40		0.29		-0.48		0.20		0.00		-0.29		0.08		0.00		0.68
3.60		0.28		-0.46		0.16		0.00		-0.27		0.07		0.00		0.69
3.80		0.26		-0.44		0.15		0.01		-0.26		0.06		0.00		0.72
4.00		0.25		-0.42		0.13		0.00		-0.24		0.06		0.00		0.73

