n_spins = 50, n_samples = 10000
T		beta		U_MC		C_MC		U_THEO		C_THEO		acc
0.20		5.00		-0.48		14.11		-0.98		0.00		0.51
0.40		2.50		-0.48		3.59		-0.97		0.16		0.50
0.60		1.67		-0.48		1.60		-0.91		0.36		0.48
0.80		1.25		-0.47		0.92		-0.83		0.43		0.43
1.00		1.00		-0.46		0.61		-0.75		0.41		0.38
1.20		0.83		-0.44		0.44		-0.67		0.36		0.34
1.40		0.71		-0.43		0.35		-0.60		0.31		0.29
1.60		0.62		-0.40		0.28		-0.54		0.27		0.25
1.80		0.56		-0.38		0.23		-0.49		0.23		0.22
2.00		0.50		-0.36		0.20		-0.45		0.19		0.20
2.20		0.45		-0.34		0.17		-0.42		0.17		0.18
2.40		0.42		-0.32		0.15		-0.39		0.14		0.17
2.60		0.38		-0.31		0.12		-0.36		0.13		0.14
2.80		0.36		-0.29		0.11		-0.34		0.11		0.13
3.00		0.33		-0.28		0.10		-0.32		0.10		0.12
3.20		0.31		-0.26		0.09		-0.30		0.09		0.11
3.40		0.29		-0.25		0.08		-0.28		0.08		0.10
3.60		0.28		-0.24		0.07		-0.27		0.07		0.10
3.80		0.26		-0.23		0.06		-0.25		0.06		0.09
4.00		0.25		-0.22		0.06		-0.24		0.06		0.09

