n_spins = 10, n_samples = 1000
T		beta		U_MC		C_MC		M_MC		U_THEO		C_THEO		M_THEO		acc
0.20		5.00		-0.76		38.06		0.00		-0.99		0.00		1.00		0.23
0.40		2.50		-0.77		9.17		0.01		-0.98		0.16		1.00		0.22
0.60		1.67		-0.75		3.97		0.00		-0.92		0.37		1.00		0.19
0.80		1.25		-0.74		2.30		0.01		-0.84		0.43		1.00		0.12
1.00		1.00		-0.73		1.66		0.00		-0.75		0.42		1.00		0.03
1.20		0.83		-0.70		1.18		0.00		-0.68		0.37		1.00		0.04
1.40		0.71		-0.69		0.92		0.00		-0.61		0.32		0.99		0.13
1.60		0.62		-0.66		0.71		0.00		-0.55		0.27		0.98		0.20
1.80		0.56		-0.64		0.56		0.00		-0.50		0.23		0.96		0.28
2.00		0.50		-0.60		0.49		0.01		-0.46		0.19		0.91		0.32
2.20		0.45		-0.58		0.38		0.02		-0.42		0.17		0.78		0.38
2.40		0.42		-0.56		0.30		0.00		-0.39		0.15		0.00		0.43
2.60		0.38		-0.53		0.28		0.00		-0.36		0.13		0.00		0.46
2.80		0.36		-0.51		0.25		0.00		-0.34		0.11		0.00		0.50
3.00		0.33		-0.49		0.23		0.00		-0.32		0.10		0.00		0.53
3.20		0.31		-0.46		0.20		0.00		-0.30		0.09		0.00		0.54
3.40		0.29		-0.44		0.16		0.00		-0.28		0.08		0.00		0.57
3.60		0.28		-0.43		0.16		0.00		-0.27		0.07		0.00		0.59
3.80		0.26		-0.41		0.14		0.00		-0.25		0.06		0.00		0.61
4.00		0.25		-0.40		0.13		0.00		-0.24		0.06		0.00		0.63

