n_spins = 10, n_samples = 10000
T		beta		U_MC		C_MC		U_THEO		C_THEO		acc
0.20		5.00		-0.50		12.08		-0.90		0.00		0.45
0.40		2.50		-0.49		3.01		-0.89		0.15		0.45
0.60		1.67		-0.49		1.38		-0.84		0.33		0.42
0.80		1.25		-0.47		0.81		-0.76		0.39		0.38
1.00		1.00		-0.46		0.53		-0.69		0.38		0.33
1.20		0.83		-0.43		0.40		-0.61		0.33		0.29
1.40		0.71		-0.41		0.31		-0.55		0.29		0.26
1.60		0.62		-0.39		0.25		-0.50		0.24		0.22
1.80		0.56		-0.37		0.21		-0.45		0.21		0.19
2.00		0.50		-0.35		0.18		-0.42		0.18		0.16
2.20		0.45		-0.33		0.15		-0.38		0.15		0.15
2.40		0.42		-0.31		0.13		-0.35		0.13		0.12
2.60		0.38		-0.29		0.11		-0.33		0.12		0.11
2.80		0.36		-0.27		0.10		-0.31		0.10		0.12
3.00		0.33		-0.26		0.09		-0.29		0.09		0.10
3.20		0.31		-0.25		0.08		-0.27		0.08		0.08
3.40		0.29		-0.24		0.07		-0.26		0.07		0.07
3.60		0.28		-0.23		0.06		-0.24		0.06		0.05
3.80		0.26		-0.22		0.06		-0.23		0.06		0.05
4.00		0.25		-0.21		0.05		-0.22		0.05		0.07

