2.5949190825723663		1.228718496999106		0.0
6.414975611826105		1.102305854120068		0.0
9.892845398081842		0.9913634306409094		0.0
13.353251965882789		0.9671936264286449		0.0
16.47954117856915		0.8890684443820509		0.0
20.090035510687		0.6021298393378546		0.0
21.935892763121487		3.3511540846403625		0.0
25.140553271257865		3.267845096170353		0.0
28.686272163342228		3.356835895386538		0.0
30.65600539773045		0.8523233640890719		0.0
0.8016523212591411		3.8850264417106484		0.0
4.606898341882953		3.8087344414781503		0.0
8.091824922103832		3.893654466075623		0.0
11.519048619074413		3.976201625538811		0.0
15.012241934820558		3.751880730697844		0.0
18.376605429358438		3.645471582661366		0.0
20.13175868096309		6.307774626993074		0.0
23.69706937126311		6.346401403969899		0.0
27.061675651428487		6.060570304560733		0.0
30.424110084308396		6.322214532638838		0.0
0.8292491753084633		9.29091590439368		0.0
2.6138334305591093		6.452697436740563		0.0
6.285688892795235		6.700967026279327		0.0
10.02302599066277		6.730672740943721		0.0
13.244402112787501		6.541519517215077		0.0
16.67598905134426		6.530502409247824		0.0
18.78816726899194		8.959519026924076		0.0
22.025289215138507		9.38466320155226		0.0
25.635775506788047		9.230601112310733		0.0
29.073690867466436		9.263371574540065		0.0
-0.6224242450836827		12.25899055877658		0.0
2.6072815392583535		12.23271672301732		0.0
4.471574716564363		9.468377979735633		0.0
8.008790766545353		9.371388671493774		0.0
11.659854574857631		9.636354478702811		0.0
14.928990197010702		9.223418587286377		0.0
16.836996603885694		11.87458764382321		0.0
20.580822170488343		12.108988673234407		0.0
23.811643943399606		12.051900479088896		0.0
27.49520567962878		12.19041078170804		0.0
1.2212135148725236		15.018967107515437		0.0
4.61241490681893		15.102005638269324		0.0
6.046385385327374		12.139064553976606		0.0
9.459064259421503		12.309586166996686		0.0
13.223640599524728		12.572189834685533		0.0
15.600619109288163		14.947351702312314		0.0
18.748728034653393		14.811979813626115		0.0
22.420717164192332		15.041305345891374		0.0
25.78031428323699		14.864793550959012		0.0
29.335513979685988		14.975109009181036		0.0
2.8687462008720934		17.854134398156322		0.0
6.416995740664785		18.08097340261799		0.0
7.970775238276846		15.062324046378714		0.0
11.282507887379097		15.192098689216541		0.0
13.609580749311911		17.691533141924225		0.0
17.126878970281595		17.64034515375106		0.0
20.80074308256223		17.740286348316342		0.0
24.409037663537745		17.733948157144606		0.0
27.84501983318824		17.831169602156045		0.0
31.298991336919265		17.844980901791686		0.0
1.1381132404785248		20.91289179846142		0.0
4.702274950960744		20.955821650595396		0.0
8.34153065370834		20.887553718010633		0.0
9.777861697528197		17.975358328947827		0.0
12.115054102848745		20.476994450467195		0.0
15.561148812327668		20.583304982227247		0.0
18.940413387997832		20.554659124021565		0.0
22.394104567859785		20.400960867709156		0.0
25.802368881563375		20.452171228348888		0.0
29.339128091341024		20.631799955986665		0.0
2.7233114283318853		24.041029419438907		0.0
6.642951702928353		23.717483054047026		0.0
9.614320984059454		26.67415536145564		0.0
10.163978425656802		23.557056648583426		0.0
13.558356699759825		23.49993328436495		0.0
17.30980314417342		23.477143228237495		0.0
20.64669835745855		23.54403694483261		0.0
23.910835071834658		23.205554132239968		0.0
27.594738371156353		23.241380532893707		0.0
30.99311970234958		23.772583247745537		0.0
0.05855923095311578		26.848702102872092		0.0
3.2106929648516385		27.3934562408174		0.0
6.427093454865006		27.10453621374794		0.0
12.84944643182365		26.546453121717605		0.0
15.946325577428041		26.58813128035057		0.0
19.116544029688015		26.509346803319954		0.0
22.36890942379489		26.370561815918716		0.0
24.931229978894173		29.028533599658235		0.0
25.453016034652197		25.80536970933165		0.0
28.571371153142138		26.320978262271122		0.0
4.767124263547049		30.066310135282357		0.0
8.072406841189945		29.748352357194243		0.0
11.476538266724186		29.75621309347908		0.0
14.711670221721041		29.6084012150407		0.0
18.05670113332971		29.52997202873199		0.0
21.59549028182974		29.32918788009456		0.0
23.423318324103434		32.086777005420714		0.0
27.00598061249553		31.887498200617113		0.0
29.115565077221607		29.46778867213286		0.0
32.691821409664314		30.016809007174498		0.0
@
1.2686704454429338		-2.1889084823608562		0.0
0.35372852021290685		-2.228398830227816		0.0
-1.5918421298981709		-1.1478590648987972		0.0
2.4969744321431135		1.1423610052310615		0.0
-2.756487564784625		-0.5521883475325944		0.0
-0.9867803625956545		-0.009434170456398784		0.0
0.6575895633097448		-2.8790245270576453		0.0
1.394156112688857		-1.3251469167330063		0.0
-1.4240125724962307		-1.67922400028374		0.0
1.5401103932317535		3.0738777375990436		0.0
-0.9312122145054347		-2.0955028223838266		0.0
1.9711619667978453		1.4245596750841947		0.0
-0.1073253576195666		1.3176986686420864		0.0
-0.9390703828343286		3.0975438927961214		0.0
-1.939454824498638		-0.18973322630805847		0.0
0.5538426052610705		-1.2345929906900182		0.0
0.8707944030707693		-4.5873828572231545		0.0
-0.3205014888488438		1.5108767913284396		0.0
-1.703735143255332		-0.11754067385607053		0.0
4.028145676568262		-0.42678535476242846		0.0
-1.6198509464760962		-3.570761102921662		0.0
-1.6113476875501762		0.42697298857891963		0.0
1.9828699510862278		-0.40051777645358144		0.0
0.6821876362581571		1.0997030952352866		0.0
-0.5539801738416763		1.5601622879024888		0.0
-2.0637648786631493		1.115648706266813		0.0
-1.7374244603705902		1.667265945633567		0.0
1.8316300889605568		0.941840581149139		0.0
-0.9669367854177134		-3.548910242598608		0.0
-0.48518214169075197		2.9105867082201042		0.0
-2.584255971764336		-0.6471386722306647		0.0
2.704536153490107		-1.200850126218543		0.0
-0.5965960872552312		-0.9158578214500538		0.0
0.7667737842231784		-2.4597866058869413		0.0
2.661535405907058		-0.04973182644051512		0.0
0.37653665152394095		1.8975877652127704		0.0
-0.1726520277702571		-1.7184368924801985		0.0
-0.9444262627430474		2.849192943523509		0.0
-0.6413900961624024		-0.0845365431812575		0.0
-0.8719959414193168		2.387239718244406		0.0
1.005070187122712		1.188721179226486		0.0
-1.2879741684298458		1.3828497691972812		0.0
-0.5486797767687049		0.6072234155171097		0.0
0.11068742155655716		-0.03138697566890422		0.0
1.02932373672891		2.5606534674469814		0.0
2.6490287483560198		-2.3397362797839394		0.0
-0.2671266877314853		-2.3107090882642964		0.0
-1.5068797566473986		2.3290146769728066		0.0
2.1185996852368554		-0.8801205518631847		0.0
-1.669582837224853		-0.6685108948719144		0.0
0.951042100613892		0.8067042057193546		0.0
-0.15419257161773753		-3.02565732056901		0.0
1.5058061432429812		1.3476090730085188		0.0
0.8041347695288812		-0.20770188936346157		0.0
0.33792867418698436		1.3117043310281935		0.0
1.955793610625482		0.3324017120217098		0.0
1.4221031797934018		0.8535948250197415		0.0
-0.9053168390646297		-0.5511588468869008		0.0
3.063805811175801		-1.736296676980214		0.0
2.645871631989986		-1.5933854160767487		0.0
0.36997632943826464		-2.681351710094129		0.0
-0.9412922044173546		-0.2911555656874988		0.0
-0.9664810558670095		1.6199819350155562		0.0
3.1859859247166424		1.6473510104075073		0.0
-1.1903397064361487		2.860214867721106		0.0
-2.32824259713937		-2.5165099425752593		0.0
-2.3081797889348534		-2.9898360476287276		0.0
3.99741986269345		-0.8957257269149177		0.0
0.1949886476730708		1.018766445262754		0.0
0.22897748043785668		2.4105799129164422		0.0
0.5161665627647549		2.3823479236897045		0.0
-5.370445707310718		1.192531849321504		0.0
-2.13355096937437		2.213178203515983		0.0
-0.07322391416756523		0.04775490444581466		0.0
-1.074044244312595		-2.9405865949320122		0.0
-2.1453573230781924		-0.608296642269298		0.0
-3.5213005480953408		1.4328352779836961		0.0
-3.055539144838749		0.34854404469397277		0.0
2.363462546543651		1.457309278489417		0.0
2.1099314501854414		-1.7172031610364447		0.0
0.27807614495173405		0.9247931990479871		0.0
-1.0164523231087457		-0.02185232856310189		0.0
-2.9028848217377385		-0.6169037202495313		0.0
-1.6400526041919623		1.5658791819588282		0.0
-0.8512238752518304		0.8733607116250387		0.0
-0.8776353324067784		0.2767019064694245		0.0
0.026883314564684947		-0.28390301352489145		0.0
2.3180656994289124		0.20870763347079332		0.0
-1.706472522214341		-0.5780492731221886		0.0
0.6379477757160463		1.4699672518160123		0.0
0.10290027336999219		1.3656535640671816		0.0
0.5042316082471092		0.30113755331142433		0.0
-1.9766231497703848		0.5150256134007626		0.0
-0.034291345574782854		-0.7743904458918843		0.0
-0.5721332769698791		-0.6519920935764857		0.0
-1.1065165591503976		0.3492894731348772		0.0
-1.46448422339173		1.3016805098746032		0.0
2.0582450058501935		-0.0028204752573476257		0.0
3.605900382170694		-1.3462656423488935		0.0
4.907146878599664		-1.4074312188089104		0.0
