-3.2171440144376686		-0.508358325619025		0.0
10.125467971212982		-0.7068170652924206		0.0
13.922402276404638		-0.07949903032830098		0.0
17.020215656703076		-1.4796851921762486		0.0
19.543194598248675		4.928002501955308		0.0
25.389439089801996		1.0466964838227835		0.0
24.544987036441025		4.358645247678091		0.0
27.59507445200818		6.7134116800316415		0.0
31.03198566662737		5.865618398324701		0.0
35.42610673575907		4.415072731682819		0.0
4.138583707169131		1.58308119110466		0.0
7.645923114164652		2.2994818294052375		0.0
11.402989448725362		2.969359214627575		0.0
16.11680613332164		2.8941494031266566		0.0
15.77066851703196		6.560997483530285		0.0
21.547852871023427		7.534778373958011		0.0
25.2572706362441		9.134926392451714		0.0
32.55768409913974		8.99866334513932		0.0
34.8538435079712		11.897229872355693		0.0
37.892644671177734		0.4023929458882161		0.0
1.4062383063137576		4.933288876192173		0.0
5.089015401286011		4.893415853617797		0.0
8.467035139000423		5.7174744428092765		0.0
12.03299710202584		6.699078086430124		0.0
14.41550318475786		9.939179757497785		0.0
18.23381855194551		10.019116643398426		0.0
23.310171015063236		12.548111554165823		0.0
28.590434734721956		10.524589909009363		0.0
31.429602924660106		13.686449948765283		0.0
36.48370063665659		8.448124644227738		0.0
4.665981824086305		14.336021306431574		0.0
7.640503585647474		12.16200281438454		0.0
10.36280245183949		10.213379593390876		0.0
6.466082708478273		8.477368874463208		0.0
13.480563708939574		16.94142517005456		0.0
20.844045514201788		18.99665614616843		0.0
20.048548355482165		14.395094228459511		0.0
26.5302433529117		14.210082153674099		0.0
38.93648583367248		11.94786854178483		0.0
40.8357002798477		9.279310616265592		0.0
2.45308405128499		23.171160303712877		0.0
6.720221856236752		17.613118782818567		0.0
9.663827072156908		15.653415817709044		0.0
12.787271006513212		13.146080564984764		0.0
16.39327955211518		13.661283867569322		0.0
23.54160169813715		16.989941938849398		0.0
30.979588783957848		17.117292552309838		0.0
35.26687165662109		15.197015214934677		0.0
38.33974507828036		16.632971617390584		0.0
41.2375450673781		18.380710139338706		0.0
-0.2022511310924362		20.251207487154662		0.0
6.212962173243236		21.56690960851471		0.0
10.094513861512397		19.22385187313995		0.0
14.590562859807674		20.35477098347163		0.0
17.620886810344103		16.929854841838846		0.0
24.953124376418934		21.30150564730484		0.0
28.013141298535867		20.451483419448127		0.0
31.578913555039517		21.427925394063536		0.0
34.42212723146323		18.378953287458877		0.0
34.32583568825409		23.667020143624256		0.0
3.303829952826339		27.13197449095697		0.0
7.080255854239818		25.829188050725115		0.0
9.609317599935386		22.82590093004746		0.0
12.664195673077742		25.870625000114504		0.0
18.062522642678193		21.17062947186616		0.0
16.91360495736373		24.80927853456035		0.0
22.01121632278391		23.214629113519102		0.0
24.243990119758905		25.950439935242382		0.0
30.99581427991238		24.583130466603276		0.0
37.779343341271975		25.64998808662948		0.0
-0.9485392966222399		30.375746376831746		0.0
5.683711696503116		32.88357144695508		0.0
2.580669765464141		31.240524617740856		0.0
6.022822331114564		29.405474061573415		0.0
18.718106272873428		30.103179411917694		0.0
20.75415179297979		27.103563892155886		0.0
26.712738919461398		29.283754921096275		0.0
27.65948372043943		25.562359096388885		0.0
30.307287768915888		28.149520148667683		0.0
33.51233031073031		28.90556321134224		0.0
-4.236828768012326		33.14314576349745		0.0
6.926002662714561		36.82672425989936		0.0
9.283718075209991		33.00162254559804		0.0
12.654577229091187		34.351851975407776		0.0
9.407170884447236		28.855365834996757		0.0
15.095766509972446		28.447389586791935		0.0
22.140574528353472		30.07361675510481		0.0
23.418340510317208		35.709117526352635		0.0
25.34459326765222		32.43651367012307		0.0
29.383550768128863		31.543701082317273		0.0
-0.9459681606727618		34.02474838231999		0.0
2.277124087699468		35.55962493165597		0.0
15.78105992857886		32.57343645829284		0.0
12.66034857366276		30.578905770458363		0.0
19.84554822673599		33.75086315991128		0.0
20.525526918550746		38.542186150147685		0.0
28.69967469618098		40.28911634739639		0.0
27.519892323806108		35.239165704891604		0.0
32.4220757895796		40.403330887604724		0.0
31.124439635946047		36.11023685993867		0.0
@
-0.43020377759393164		-0.13331497263754447		0.0
-0.8508871201943345		1.0845205323619134		0.0
-2.3197851284110502		-2.5696859251278603		0.0
1.7103534207007438		-0.42211164297011794		0.0
1.5301865731269901		2.444110908046896		0.0
1.0377035182155538		1.7910815979823973		0.0
0.08580243941552114		0.6197015448161274		0.0
1.0604828011498668		2.2890416579660924		0.0
-1.3248612599827947		-0.22772326247290225		0.0
0.6320163098677418		-0.531181424328159		0.0
-0.9666991490660696		-0.150900468143803		0.0
1.6884228241132486		-0.3589767005892751		0.0
-1.7833974830267636		-1.2780513326760699		0.0
-0.41422056685584535		1.2440452263590707		0.0
-0.30745671905871597		0.13148705948999614		0.0
1.5769688367486039		1.4047524054653677		0.0
1.1012107982158235		4.165939018125214		0.0
1.3853665825439287		0.8813630604916051		0.0
1.8171292280192357		-2.5645121463434086		0.0
-2.230526293456329		-1.496068686247264		0.0
-1.7522461310221875		-0.1454574214696878		0.0
-2.1268601906212585		1.2261002553205258		0.0
0.5456631956218172		-2.3071721871462434		0.0
-4.282996538062768		-1.816496052387943		0.0
-2.787401041781532		2.2872694717480164		0.0
1.6808110967590664		-0.41089733312142424		0.0
2.4598659281168516		0.0634673304729814		0.0
3.1218832893032737		-0.9157282292678393		0.0
0.8657972182672203		2.0617018167102947		0.0
-0.42415366186718906		2.518758504606242		0.0
-1.8609242407194346		1.9594540259696414		0.0
0.5081509983984318		-0.41423839270421176		0.0
-0.21678584216766397		-0.40043077881264977		0.0
-0.6558889206573232		1.5453883599920102		0.0
-1.158117670751466		-1.9988237571263279		0.0
2.264747069523126		-1.4701070908926863		0.0
-2.4721466561619154		-4.616935925442636		0.0
0.11753822462263838		-0.17144170072964307		0.0
-0.42374969745509405		-1.7544198380107998		0.0
1.4715180166759798		0.8542513477642439		0.0
-3.0600059428109736		2.0239239531508875		0.0
-1.7225987923830728		0.3602935278888095		0.0
1.1586095734628976		-0.6643680566662813		0.0
1.0470364965394752		0.8689274175988482		0.0
-0.7117455944846979		2.531864718633044		0.0
-0.959912697603772		-0.8950720259077329		0.0
0.9305097313092605		0.43797007813623073		0.0
-0.9480446786152765		-0.8550254052128593		0.0
0.09805757740033116		-4.315508191034266		0.0
2.1193189900909712		0.0661121476453781		0.0
3.8493895385497887		-2.6154953555275364		0.0
1.8560485052088624		1.7138149498236794		0.0
1.1412025963846035		1.1837742807491356		0.0
1.9104173249244634		2.5125166798117795		0.0
-2.8209875830618674		-0.2546628186000921		0.0
0.6282180250656556		-0.8866061525899052		0.0
0.28831404534507615		-0.883113966854209		0.0
0.7123744075751968		-0.958778873357897		0.0
1.333175591245156		0.06783693766445932		0.0
-0.07825027519830702		0.589583622364649		0.0
-3.255779670837796		-0.40264469011548165		0.0
-0.17791094708612026		-0.03950707324321969		0.0
2.419529267967451		1.1888314342038961		0.0
-2.7837348367657437		1.787845817172071		0.0
2.729173411181853		-2.0583320356852797		0.0
-4.589241686997728		-0.5571595241410973		0.0
1.6017336514263836		1.116212611328881		0.0
-1.5908849802803913		0.5710019829473452		0.0
1.3989837285969768		-0.7426819826872578		0.0
-0.05171754510930024		0.523652476958171		0.0
0.7541314604742952		-0.8072896751343118		0.0
1.7560643353906973		-0.8998479670454593		0.0
0.28014641209339686		-3.422354648321697		0.0
-2.0856348373716926		0.14925158975463068		0.0
-0.7960825468014846		-0.08470135010293081		0.0
-3.9482101640996468		0.6760716854950931		0.0
-0.35009904065897546		-1.5305471496674325		0.0
0.25921166862960565		-2.1261327022793375		0.0
-0.02807484394461164		-0.9636684433327144		0.0
2.77849029622464		-0.3352369279771534		0.0
0.7352834244878942		0.8478061568632463		0.0
-0.18224209373224204		2.4529485535122713		0.0
-0.4207090873158054		-0.4041306553797934		0.0
-3.0634907718358253		2.7251054982732943		0.0
1.7817684993015668		-0.966746241553923		0.0
1.1037917932553654		-2.446081774519285		0.0
-1.9256392235574769		1.7636127168760536		0.0
-0.23867604922080912		3.6616744669171637		0.0
2.268909987224076		-0.23519943453488543		0.0
0.9549204066080691		-2.1408407847316395		0.0
0.029475631596122813		0.9375817412328459		0.0
-0.8671744317241534		-1.6403303498547515		0.0
0.14615753402794915		5.776118727751371		0.0
1.345871422547894		-3.5219485119455927		0.0
1.5995288235155545		-2.517235099109139		0.0
-1.414939671952861		0.5004705309067734		0.0
-1.5346111593303742		-0.44924953339311025		0.0
-2.9626341221533723		1.3330531051151495		0.0
2.9319822178847414		-0.9334710196385783		0.0
0.7488966189060342		0.7683521563295692		0.0
