step		t		temp		ekin		epot		etot
1		0.0		126.4588439637197		10391.123208498848		-105570.16717045341		-95179.04396195457
2		0.01		93.53204412481466		7685.528065736021		-111109.32690702067		-103423.79884128465
3		0.02		65.53507905226842		5385.017445724896		-115817.49050290622		-110432.47305718133
4		0.03		52.21130924988632		4290.203281063159		-118038.03824377293		-113747.83496270976
5		0.04		56.41876452958166		4635.929881395725		-117289.62357548923		-112653.6936940935
6		0.05		73.16047895371486		6011.59655562675		-114436.39971982935		-108424.8031642026
7		0.06		93.14426898479167		7653.664582480331		-111062.56033351315		-103408.89575103282
8		0.07		107.83234415459435		8860.583719183018		-108604.3110147803		-99743.72729559727
9		0.08		112.73496315549734		9263.431922487216		-107803.97717168652		-98540.5452491993
10		0.09		108.14107783909049		8885.952366038066		-108602.26279212187		-99716.3104260838
11		0.1		136.2586780828649		11196.375578069008		-110938.69357409116		-99742.31799602215
12		0.11		119.87240862855423		9849.915817008301		-113718.37872172004		-103868.46290471175
13		0.12		109.06177438565054		8961.606001268905		-115553.65697494667		-106592.05097367777
14		0.13		109.30201299137607		8981.346407501373		-115515.31149224906		-106533.96508474769
15		0.14		120.80730410751558		9926.736178514555		-113570.97438410045		-103644.23820558589
16		0.15		138.82590010375426		11407.324211525487		-110537.09928584304		-99129.77507431756
17		0.16		156.72680654725997		12878.241693988351		-107544.33506315306		-94666.09336916471
18		0.17		169.6814735399272		13942.726680775817		-105407.23733682602		-91464.5106560502
19		0.18		176.72412359475604		14521.421235781105		-104280.80521329706		-89759.38397751596
20		0.19		180.507393671137		14832.292537957328		-103706.8640544839		-88874.57151652657
21		0.2		155.3601540847956		12765.943861147654		-102853.38573397971		-90087.44187283206
22		0.21		166.15143378351445		13652.663313991383		-101073.93522936177		-87421.2719153704
23		0.22		181.93601732769463		14949.682543816669		-98451.7091044626		-83502.02656064593
24		0.23		200.25012062965993		16454.552412139157		-95413.39904044759		-78958.84662830844
25		0.24		218.5457846759884		17957.907126825965		-92394.84551444111		-74436.93838761514
26		0.25		235.78474403616985		19374.432417452077		-89570.90180410384		-70196.46938665176
27		0.26		252.77478959214457		20770.50446078652		-86794.71524280874		-66024.21078202222
28		0.27		270.92169429478236		22261.63562020227		-83812.04899682145		-61550.41337661918
29		0.28		290.3887724651249		23861.245433459313		-80590.98239711943		-56729.736963660114
30		0.29		309.694481873095		25447.59557551222		-77395.14076998067		-51947.545194468454
31		0.3		165.51569973483805		13600.425047211644		-74827.38890058678		-61226.96385337514
32		0.31		184.6214445123079		15170.34409557634		-71648.31794959136		-56477.97385401503
33		0.32		203.7196388501609		16739.64272431772		-68466.15072551284		-51726.50800119512
34		0.33		218.9029166986767		17987.252665130265		-65948.24058895803		-47960.987923827764
35		0.34		228.05338065889862		18739.1462887417		-64449.14975364709		-45710.00346490539
36		0.35		231.49883344623538		19022.259144277163		-63900.82457138006		-44878.56542710289
37		0.36		230.8697225032515		18970.565098092175		-64015.510120646344		-45044.945022554166
38		0.37		227.48833817825133		18692.716748106912		-64571.93129598698		-45879.21454788007
39		0.38		222.03437714455026		18244.564769967696		-65475.276523786866		-47230.71175381917
40		0.39		215.72878282201597		17726.434084485052		-66535.7850776218		-48809.350993136744
41		0.4		147.9464385793346		12156.758858063924		-66888.35441032679		-54731.595552262865
42		0.41		152.2534056574247		12510.662342870588		-66161.77448621194		-53651.11214334136
43		0.42		161.38630369690262		13261.112574774488		-64616.37142742707		-51355.25885265258
44		0.43		171.44800745721693		14087.882772759516		-62914.46055091456		-48826.57777815504
45		0.44		178.10804578814438		14635.138122411823		-61789.10986469441		-47153.971742282585
46		0.45		178.7655154493966		14689.162404476918		-61688.69244997847		-46999.53004550155
47		0.46		174.2506259571909		14318.173934902376		-62474.91480764127		-48156.74087273889
48		0.47		168.270829189214		13826.814034477715		-63494.75913403336		-49667.94509955565
49		0.48		163.95400790717446		13472.100829732524		-64200.84026348697		-50728.73943375445
50		0.49		161.3544851651794		13258.49804602279		-64607.349405817884		-51348.851359795095
51		0.5		148.06845693862468		12166.78510664679		-64917.307840259804		-52750.52273361301
52		0.51		146.37324613996134		12027.489635320624		-65201.09213608652		-53173.60250076589
53		0.52		145.16183994361455		11927.948388166807		-65402.89116387967		-53474.942775712865
54		0.53		144.59893446508346		11881.694444995908		-65487.806469777235		-53606.11202478132
55		0.54		144.13337243584976		11843.439213053776		-65554.48515934461		-53711.04594629083
56		0.55		143.0939838732118		11758.032654861814		-65725.97693586291		-53967.944281001095
57		0.56		141.66565518102286		11640.666886224648		-65973.43221459832		-54332.76532837367
58		0.57		140.94022870571214		11581.058592748368		-66103.09302497914		-54522.03443223077
59		0.58		141.82483651121404		11653.746816126459		-65955.1758246154		-54301.42900848895
60		0.59		144.18107139106237		11847.358636203597		-65557.35753215052		-53709.99889594692
61		0.6		152.74984602512822		12551.454847884786		-65096.43058358296		-52544.97573569817
62		0.61		154.78948589865456		12719.052056292447		-64760.306011799184		-52041.253955506734
63		0.62		156.01696187612183		12819.91375736093		-64566.04957292056		-51746.135815559624
64		0.63		157.0296669194286		12903.127730769447		-64407.93847281661		-51504.810742047164
65		0.64		158.52997180148637		13026.407782928134		-64165.113784451634		-51138.706001523504
66		0.65		160.92360863430136		13223.092921480544		-63776.536256635365		-50553.44333515482
67		0.66		164.59124059812322		13524.462239947785		-63180.52196591318		-49656.0597259654
68		0.67		169.90381772020913		13960.996702069584		-62306.58852464984		-48345.59182258025
69		0.68		176.61459060941561		14512.42091037568		-61191.88344499526		-46679.46253461958
70		0.69		183.62687819738127		15088.620581478819		-60024.02404887392		-44935.4034673951
71		0.7		156.35248643798138		12847.48381060893		-58966.429920761126		-46118.946110152196
72		0.71		162.4527538808461		13348.742786389124		-57951.6319845256		-44602.88919813647
73		0.72		167.0926767504031		13730.005248580623		-57180.20628583663		-43450.20103725601
74		0.73		169.31919409733672		13912.958178978159		-56806.614706192544		-42893.656527214385
75		0.74		168.39076952364272		13836.669531757721		-56953.92147174404		-43117.25193998632
76		0.75		164.02865725686843		13478.234766796879		-57677.83189872117		-44199.59713192429
77		0.76		157.17200962592418		12914.82403096219		-58828.67182544402		-45913.84779448183
78		0.77		150.03803774719802		12328.625561687262		-60020.726725472254		-47692.10116378499
79		0.78		144.42508721866892		11867.409416758026		-60940.4375809579		-49073.02816419987
80		0.79		140.4784923529552		11543.117716642328		-61583.57145810343		-50040.453741461104
81		0.8		146.8624177742468		12067.68486850986		-62101.94981842593		-50034.26494991607
82		0.81		144.31127926809162		11858.057817459088		-62521.347954138786		-50663.2901366797
83		0.82		142.369622193959		11698.51185567761		-62837.56371784568		-51139.05186216807
84		0.83		140.9192330673021		11579.333381140212		-63075.29959309333		-51495.96621195312
85		0.84		139.99244326887782		11503.179063403692		-63228.01480180391		-51724.835738400216
86		0.85		139.7685456576966		11484.78139669293		-63266.5080576142		-51781.72666092127
87		0.86		140.53740244215209		11547.958358671636		-63143.23989868209		-51595.28154001046
88		0.87		142.5955900958845		11717.079638178828		-62805.35913545726		-51088.27949727843
89		0.88		145.97255662800737		11994.564978123366		-62248.49984520233		-50253.93486707896
90		0.89		150.3846929489302		12357.110219613594		-61518.695329848335		-49161.58511023474
91		0.9		154.7884121273172		12718.963824501654		-60719.64223857447		-48000.67841407282
92		0.91		158.71781894149325		13041.8431824225		-60057.92619826765		-47016.08301584514
93		0.92		160.30141188382737		13171.967014494096		-59788.816233792895		-46616.8492192988
94		0.93		158.71970995180354		13041.998566739698		-60053.93655089526		-47011.937984155564
95		0.94		154.4482200078622		12691.010238046038		-60774.10481811527		-48083.094580069235
96		0.95		149.1461467231434		12255.338876240694		-61667.551186402605		-49412.21231016191
97		0.96		144.8168806329048		11899.603081605786		-62392.5612974		-50492.95821579422
98		0.97		142.70754149952145		11726.278685015679		-62737.18953230442		-51010.910847288746
99		0.98		142.66222065605612		11722.554671308131		-62728.85456484897		-51006.29989354084
100		0.99		143.32344909337093		11776.88781200229		-62602.187293627736		-50825.29948162545
101		1.0		149.5959960355873		12292.302994244208		-62664.63315746767		-50372.330163223465
102		1.01		147.56030181057776		12125.029999775174		-63015.208244117945		-50890.17824434277
103		1.02		145.27677645860948		11937.392721603941		-63412.9770864057		-51475.58436480176
104		1.03		144.65217916964474		11886.069562369708		-63525.34777317481		-51639.2782108051
105		1.04		146.51832657870256		12039.410894971988		-63209.84505716722		-51170.43416219523
106		1.05		150.08922665188027		12332.831753985001		-62605.9080645598		-50273.0763105748
107		1.06		153.74799719142084		12633.47292921905		-61992.1199803244		-49358.64705110535
108		1.07		156.18056143631316		12833.356733221852		-61590.297571814604		-48756.94083859275
109		1.08		157.00246054682532		12900.892183132637		-61462.76060237111		-48561.868419238475
110		1.09		156.76890910386442		12881.70126106454		-61513.936738026336		-48632.235476961796
111		1.1		150.03979303925124		12328.769794035275		-61517.577494053636		-49188.80770001836
112		1.11		151.46319766447465		12445.730952089882		-61283.86037367884		-48838.129421588965
113		1.12		154.28368893016332		12677.49071939152		-60809.41945395639		-48131.92873456487
114		1.13		157.53701009514006		12944.816119517658		-60259.36915010882		-47314.55303059116
115		1.14		159.84565414162682		13134.517400817476		-59869.09778993245		-46734.58038911497
116		1.15		160.24198648263487		13167.084029278107		-59803.602187278375		-46636.51815800027
117		1.16		158.74784218438774		13044.310192291141		-60060.09695554583		-47015.786763254684
118		1.17		156.45513166666		12855.918169049453		-60454.53498309117		-47598.61681404172
119		1.18		155.07455905546675		12742.476517587704		-60696.87213756275		-47954.39561997505
120		1.19		156.07309651672966		12824.526340779677		-60535.25817026713		-47710.73182948746
121		1.2		153.77251052496436		12635.487189836322		-59898.47336109697		-47262.98617126065
122		1.21		159.06722315904253		13070.553726978525		-58997.7843865895		-45927.23065961097
123		1.22		163.16873775191013		13407.575181074455		-58295.368698056925		-44887.79351698247
124		1.23		163.5202548736624		13436.45934296884		-58224.92619786379		-44788.46685489495
125		1.24		159.00190945878708		13065.186900228535		-58975.60252604883		-45910.4156258203
126		1.25		150.4782455243842		12364.79743473865		-60402.48175038767		-48037.68431564902
127		1.26		140.50580225409325		11545.361771218842		-62074.21224196759		-50528.850470748745
128		1.27		132.2746742250816		10869.009981074956		-63451.88049342121		-52582.87051234626
129		1.28		128.2892013916645		10541.523678353073		-64115.76846683288		-53574.24478847981
130		1.29		129.48641183756104		10639.898460692391		-63907.861106719036		-53267.962646026645
131		1.3		154.68226320597594		12710.241567635043		-63103.68965774763		-50393.448090112586
132		1.31		158.58196802940245		13030.680312976		-62423.88999940154		-49393.209686425536
133		1.32		158.3608565909732		13012.511586080269		-62450.48608393804		-49437.97449785777
134		1.33		153.14610278602737		12584.01526592787		-63334.0665646846		-50750.051298756734
135		1.34		145.13519192999175		11925.758720887421		-64686.156539452284		-52760.39781856486
136		1.35		137.49248430006378		11297.75743493624		-65961.8194662776		-54664.06203134135
137		1.36		132.2759031616718		10869.110962794573		-66826.16328578694		-55957.05232299237
138		1.37		130.41050108099915		10715.8308738257		-67138.66067314913		-56422.82979932343
139		1.38		132.40179249998963		10879.455289724148		-66810.19585028183		-55930.74056055768
140		1.39		138.03956728868738		11342.711244111442		-65870.01144734929		-54527.30020323784
141		1.4		157.87813229526748		12972.846130702128		-64563.43837966425		-51590.59224896212
142		1.41		165.98571121016312		13639.045890139103		-63228.00933210989		-49588.96344197079
143		1.42		173.74048858325116		14276.255946885749		-61948.898520932526		-47672.642574046775
144		1.43		180.44536953151336		14827.196014404453		-60831.4362252622		-46004.24021085775
145		1.44		184.57107672053232		15166.20537412614		-60128.98300291948		-44962.77762879334
146		1.45		184.08892005304		15126.586560758296		-60193.86270465282		-45067.27614389452
147		1.46		178.1407730786247		14637.827323870593		-61190.24507843265		-46552.417754562055
148		1.47		168.79518158769272		13869.90007106071		-62776.019324486144		-48906.11925342544
149		1.48		160.612582493729		13197.535903509714		-64165.60886912348		-50968.07296561377
150		1.49		157.6229794818841		12951.880224026416		-64663.59985590216		-51711.71963187575
151		1.5		153.20795777634495		12589.097890482266		-64107.048948693824		-51517.95105821156
152		1.51		160.31944567565012		13173.44885116817		-62898.1514784783		-49724.70262731013
153		1.52		167.54421105913		13767.10782272871		-61681.42915494144		-47914.32133221273
154		1.53		171.93447581124371		14127.855877409896		-60948.301343881736		-46820.445466471836
155		1.54		172.2697266665057		14155.403440186774		-60899.379564423674		-46743.9761242369
156		1.55		169.20295752970955		13903.407020216233		-61427.625856964034		-47524.2188367478
157		1.56		165.1594959902769		13571.155785521052		-62128.997763767766		-48557.84197824671
158		1.57		163.48501209818554		13433.563444107906		-62428.888866518326		-48995.32542241042
159		1.58		166.2574530762047		13661.37491927174		-61961.47304328807		-48300.098124016324
160		1.59		172.48515298645026		14173.105020896619		-60901.78725386452		-46728.6822329679
161		1.6		156.97829469143275		12898.906474795029		-59723.35297862605		-46824.446503831015
162		1.61		163.03054250069158		13396.219677281828		-58709.633622920104		-45313.413945638276
163		1.62		166.17444304162743		13654.553984730526		-58184.2468465147		-44529.69286178418
164		1.63		165.61436204663792		13608.532129372237		-58279.09426948366		-44670.562140111426
165		1.64		161.90723331343438		13303.917361364902		-58909.72632536653		-45605.808964001626
166		1.65		157.28574452585386		12924.16962768941		-59703.56652309228		-46779.39689540287
167		1.66		154.93783815343346		12731.242161067628		-60112.963497791075		-47381.72133672345
168		1.67		157.01006577371322		12901.517104626015		-59766.290189150524		-46864.77308452451
169		1.68		163.06792177481321		13399.291132236402		-58741.2010852684		-45341.909953032
170		1.69		170.49529162481383		14009.598112810952		-57486.721877284726		-43477.12376447377
171		1.7		156.07123241663842		12824.37316767518		-56462.92042954554		-43638.547261870364
172		1.71		159.63011846895643		13116.80683459415		-55866.89435385914		-42750.08751926499
173		1.72		159.69058263853208		13121.77517540818		-55870.09789109179		-42748.32271568361
174		1.73		157.4703538199825		12939.338973387963		-56268.891389946846		-43329.55241655889
175		1.74		155.95199157423056		12814.575147654527		-56552.32564210975		-43737.75049445522
176		1.75		158.0332389416163		12985.591243832612		-56218.68000096224		-43233.088757129626
177		1.76		164.41604374396857		13510.066314441898		-55146.18004102614		-41636.11372658424
178		1.77		173.08456957945427		14222.359082343757		-53685.436477214615		-39463.07739487086
179		1.78		180.8626890830738		14861.487161956175		-52383.31236903025		-37521.82520707408
180		1.79		185.5769485458355		15248.857862011304		-51609.40724712839		-36360.54938511708
181		1.8		152.64627741843236		12542.944615472588		-51188.18085800455		-38645.23624253196
182		1.81		155.94064802293033		12813.643048044185		-50652.313944297		-37838.670896252814
183		1.82		160.2363941432466		13166.624506750573		-49935.03776156384		-36768.41325481327
184		1.83		164.52905245403352		13519.352240147935		-49213.34444128036		-35693.99220113242
185		1.84		167.35238628644532		13751.345581157213		-48743.525019687935		-34992.17943853072
186		1.85		168.05921385300542		13809.425602301455		-48635.31756703135		-34825.8919647299
187		1.86		167.1871292924991		13737.766413964651		-48792.39879367816		-35054.63237971351
188		1.87		165.8176982860741		13625.240268166708		-49025.38668206846		-35400.146413901755
189		1.88		164.61515985652986		13526.427685411058		-49219.830464062004		-35693.40277865095
190		1.89		163.380253887573		13424.955461941872		-49413.4201002112		-35988.46463826933
191		1.9		148.56608714597877		12207.675380785076		-49642.06134471143		-37434.385963926354
192		1.91		146.81145664344248		12063.49739239167		-49928.572791249506		-37865.075398857836
193		1.92		144.72363009050943		11891.94068453716		-50274.87644551415		-38382.935760976994
194		1.93		142.82445486888128		11735.885456575974		-50593.868654967984		-38857.98319839201
195		1.94		142.0226471167731		11670.000913585245		-50733.30104258502		-39063.30012899978
196		1.95		143.2319712064294		11769.371074032304		-50535.445521752416		-38766.07444772011
197		1.96		146.74885753414878		12058.353623581006		-49949.826807504265		-37891.473183923255
198		1.97		152.10930068401092		12498.821237205178		-49061.1645719994		-36562.34333479422
199		1.98		158.6021718099614		13032.340457624528		-47987.53935456986		-34955.19889694533
200		1.99		165.38866189678143		13589.98634805853		-46859.282234592196		-33269.29588653367
201		2.0		155.99144060906946		12817.816674847238		-45855.39330327196		-33037.57662842472
202		2.01		160.29464061233122		13171.410619115257		-45134.0118893189		-31962.601270203642
203		2.02		161.5989553954255		13278.586164842112		-44921.42028420674		-31642.834119364627
204		2.03		160.02891804196017		13149.576195507867		-45197.74373200943		-32048.167536501565
205		2.04		157.27738486643824		12923.48271447523		-45678.470313859405		-32754.987599384174
206		2.05		155.96101853286874		12815.316892845825		-45920.2735417612		-33104.95664891537
207		2.06		158.3176857025209		13008.964234176143		-45538.29618845588		-32529.33195427974
208		2.07		164.76924359213368		13539.088745965624		-44458.6528563187		-30919.56411035308
209		2.08		173.54874015991547		14260.499978940254		-42984.68289694286		-28724.182918002607
210		2.09		181.7551324967344		14934.819237256666		-41609.60959849589		-26674.790361239222
211		2.1		155.535969623481		12780.390623961435		-40685.88281929233		-27905.492195330895
212		2.11		158.69521415690323		13039.98574727274		-40162.454127232915		-27122.468379960177
213		2.12		159.0164892336585		13066.38492032972		-40112.096755590464		-27045.711835260743
214		2.13		156.81022013046294		12885.09578812014		-40484.27891103897		-27599.183122918832
215		2.14		153.17441377776845		12586.341580119233		-41102.138021520914		-28515.796441401682
216		2.15		150.0886635397995		12332.785483065327		-41634.21165510881		-29301.426172043484
217		2.16		149.78449610337609		12307.792044814412		-41697.75775373733		-29389.965708922915
218		2.17		153.4860421280007		12611.948081657818		-41084.18368398827		-28472.23560233045
219		2.18		160.81218661943814		13213.937374519232		-39865.034103741826		-26651.096729222594
220		2.19		170.33169908927707		13996.155714165898		-38283.023669131944		-24286.867954966045
221		2.2		159.7695724232101		13128.265766015174		-36654.018424891474		-23525.7526588763
222		2.21		168.61409886249007		13855.020503530808		-35174.48723642615		-21319.466732895336
223		2.22		174.0937778632756		14305.285727025355		-34259.4168621238		-19954.131135098443
224		2.23		174.81334082477838		14364.41221557204		-34143.98910867212		-19779.57689310008
225		2.24		170.9882443290828		14050.104036520734		-34787.78277777976		-20737.678741259024
226		2.25		164.0877386784031		13483.089487204383		-35941.38788309377		-22458.298395889386
227		2.26		156.11280232225272		12827.788966819506		-37270.766394795006		-24442.9774279755
228		2.27		149.0166022186524		12244.694204306667		-38451.92467131237		-26207.230467005706
229		2.28		144.3004460088781		11857.167648549514		-39233.93214204701		-27376.764493497496
230		2.29		142.61305941078027		11718.515091783815		-39506.3377706989		-27787.822678915083
231		2.3		150.66571105641393		12380.201477505532		-39383.088025757446		-27002.886548251914
232		2.31		152.25535049257462		12510.822149974856		-39109.286020968066		-26598.46387099321
233		2.32		153.66225907597732		12626.427828273057		-38874.965070953		-26248.537242679944
234		2.33		154.60145761409203		12703.601772149941		-38727.122171744464		-26023.520399594523
235		2.34		155.63467542322266		12788.501279526206		-38565.78553669071		-25777.2842571645
236		2.35		157.52369823431096		12943.722283913332		-38256.55966573869		-25312.83738182536
237		2.36		160.47534923713184		13186.259446815124		-37763.921539066396		-24577.662092251274
238		2.37		163.99826897234277		13475.737761457405		-37176.091512646686		-23700.35375118928
239		2.38		167.44088419475443		13758.617454282972		-36606.546659788604		-22847.929205505632
240		2.39		170.46960026580285		14007.487053841021		-36107.98044695891		-22100.493393117886
241		2.4		152.88297353517723		12562.393935385513		-35626.04512203168		-23063.65118664617
242		2.41		155.57848394953237		12783.884026133075		-35163.474594320396		-22379.59056818732
243		2.42		156.328959785365		12845.550625563441		-35020.867495401755		-22175.316869838316
244		2.43		153.49311361046242		12612.529145371696		-35483.843192770415		-22871.31404739872
245		2.44		146.88451683532892		12069.500748358978		-36588.41685164116		-24518.91610328218
246		2.45		138.2513713687326		11360.115185368759		-38038.30289100368		-26678.187705634922
247		2.46		130.52381810691654		10725.142133845333		-39336.5239340705		-28611.38180022517
248		2.47		126.45240708701667		10390.59429034016		-40020.14433525938		-29629.55004491922
249		2.48		127.53460902416978		10479.518823516031		-39839.656341077156		-29360.137517561125
250		2.49		133.5819304917098		10976.427228503795		-38826.96543947362		-27850.538210969826
251		2.5		159.14752352101286		13077.152007721626		-37294.95160310231		-24217.799595380682
252		2.51		167.66544788602158		13777.069852794393		-35869.96218956427		-22092.892336769877
253		2.52		173.1613891975617		14228.671350363646		-34954.66501297457		-20725.993662610923
254		2.53		174.47363954745347		14336.498961614252		-34744.6173577254		-20408.11839611115
255		2.54		172.09543968079808		14141.082278571179		-35155.68594113239		-21014.60366256121
256		2.55		167.86126822864313		13793.160410347606		-35875.434020766		-22082.273610418393
257		2.56		163.98030980199687		13474.262056430083		-36530.026299558216		-23055.764243128135
258		2.57		162.05399946281537		13315.977135859539		-36852.138945516475		-23536.161809656936
259		2.58		162.60287962815892		13361.078619045818		-36756.19033731748		-23395.111718271663
260		2.59		165.0596872640467		13562.954502486717		-36338.804154074445		-22775.849651587727
261		2.6		153.42219770609762		12606.70198551004		-35761.345897367784		-23154.643911857744
262		2.61		157.0381861311754		12903.827754398682		-35157.70210859281		-22253.87435419413
263		2.62		159.97991731611046		13145.549805864797		-34675.67424917013		-21530.124443305333
264		2.63		162.2746331601222		13334.10660676724		-34305.39440083229		-20971.287794065047
265		2.64		164.3887278326577		13507.821766009485		-33958.99603238521		-20451.17426637572
266		2.65		166.36201599503417		13669.966854311959		-33626.671410307565		-19956.704555995606
267		2.66		167.54314983298335		13767.02062177624		-33423.333690464286		-19656.313068688047
268		2.67		167.1842410709398		13737.529088799123		-33480.34967178557		-19742.820582986446
269		2.68		165.158507297562		13571.07454464067		-33820.41536634599		-20249.340821705315
270		2.69		162.17621153717528		13326.019302009692		-34323.43360378966		-20997.414301779965
271		2.7		147.8107724373281		12145.61117117525		-34694.35278385343		-22548.74161267818
272		2.71		147.7494533189343		12140.57257921683		-34706.53618964499		-22565.96361042816
273		2.72		150.05706894220498		12330.189354980983		-34319.69918746203		-21989.509832481046
274		2.73		154.09341304168262		12661.85574963506		-33645.879892251614		-20984.024142616552
275		2.74		158.85066263274615		13052.758948532752		-32856.26015461344		-19803.501206080688
276		2.75		163.4241883442971		13428.565556250895		-32098.215699138953		-18669.65014288806
277		2.76		167.0211566448369		13724.12844150625		-31499.33400489007		-17775.205563383824
278		2.77		168.8522716950974		13874.591165186153		-31191.982211598966		-17317.391046412813
279		2.78		168.4147513973627		13838.640122321292		-31266.928410841403		-17428.28828852011
280		2.79		166.1531460389696		13652.804010022131		-31657.29631355417		-18004.49230353204
281		2.8		148.27151165927341		12183.470113042496		-31965.744325456562		-19782.274212414064
282		2.81		149.51397548068547		12285.563365247926		-31771.224110209074		-19485.660744961147
283		2.82		154.46582275650596		12692.456655902095		-30941.563708897207		-18249.10705299511
284		2.83		161.70338608644659		13287.167234723316		-29722.507867226195		-16435.340632502877
285		2.84		168.53848927520698		13848.807663743759		-28573.572825793428		-14724.765162049669
286		2.85		172.56794056822807		14179.9076764913		-27899.340292310197		-13719.432615818896
287		2.86		172.69466717808348		14190.32080202312		-27883.62189518281		-13693.30109315969
288		2.87		169.46059906658581		13924.577425301357		-28433.945588150655		-14509.368162849298
289		2.88		164.60197052159077		13525.343917759114		-29250.769821123464		-15725.42590336435
290		2.89		159.82618496235528		13132.917618356734		-30041.819056188495		-16908.90143783176
291		2.9		146.4872595318538		12036.858115732426		-30618.467819056306		-18581.60970332388
292		2.91		144.49238917979756		11872.939618903965		-30949.06767063761		-19076.128051733645
293		2.92		144.25831529525396		11853.705767811018		-30994.667018380776		-19140.96125056976
294		2.93		146.30174796184096		12021.614630024473		-30662.279583013173		-18640.6649529887
295		2.94		150.78233679131074		12389.784614142003		-29917.44164790374		-17527.657033761738
296		2.95		156.84718926680392		12888.13354205328		-28901.523090654035		-16013.389548600755
297		2.96		162.74177718678337		13372.49183143799		-27913.93629765964		-14541.444466221648
298		2.97		166.69798914332708		13697.573767907186		-27254.723145655335		-13557.149377748148
299		2.98		167.77122831056272		13785.761830278938		-27080.761329826822		-13294.999499547885
300		2.99		166.0733073818577		13646.243667567247		-27370.603751472994		-13724.360083905747
301		3.0		147.03204311723846		12081.622982943485		-27869.997137239057		-15788.374154295572
302		3.01		144.15711994901199		11845.390546210314		-28348.965982586295		-16503.57543637598
303		3.02		142.0060227117465		11668.63488622421		-28702.644077474146		-17034.009191249934
304		3.03		140.66767927326796		11558.663205884428		-28918.876903029224		-17360.213697144798
305		3.04		139.84608724213354		11491.152988686114		-29048.6754821554		-17557.522493469285
306		3.05		139.08105212857768		11428.290053405228		-29170.181530973437		-17741.89147756821
307		3.06		137.9791699879653		11337.748397911108		-29350.123354877738		-18012.374956966632
308		3.07		136.37715308915588		11206.11066933594		-29614.432322189172		-18408.321652853232
309		3.08		134.27839136743634		11033.655418662245		-29959.687838990867		-18926.03242032862
310		3.09		131.6488753574069		10817.588088118126		-30390.6100843603		-19573.021996242176
311		3.1		145.94105251926516		11991.976285508017		-31058.42790406918		-19066.451618561165
312		3.11		140.1469313042053		11515.873345266551		-32016.108818410587		-20500.235473144035
313		3.12		133.1472059769833		10940.705915128718		-33175.744373997106		-22235.03845886839
314		3.13		125.87013181952048		10342.748731609998		-34383.162601918644		-24040.413870308646
315		3.14		119.47140938283607		9816.96570898764		-35446.22199508302		-25629.256286095377
316		3.15		115.08193829419784		9456.282869634237		-36175.48849455411		-26719.205624919876
317		3.16		113.47182534295104		9323.979888430287		-36441.36745709392		-27117.38756866363
318		3.17		114.7849166319149		9431.876599644447		-36220.04956880951		-26788.17296916506
319		3.18		118.50017294559085		9737.1592109392		-35598.54998306235		-25861.39077212315
320		3.19		123.55231761354345		10152.293938304865		-34753.537119966495		-24601.24318166163
321		3.2		154.56315619411524		12700.454544470449		-33989.819755266464		-21289.365210796015
322		3.21		155.93259886853238		12812.981649027306		-33761.584989450435		-20948.603340423128
323		3.22		153.8663943862826		12643.20162672084		-34110.539987610144		-21467.338360889305
324		3.23		149.2617617150942		12264.838960129291		-34883.61742225371		-22618.778462124417
325		3.24		143.67935739553306		11806.132797190952		-35816.19768336032		-24010.064886169366
326		3.25		138.64129268000704		11392.15501951618		-36653.93008165012		-25261.77506213394
327		3.26		135.16223057106046		11106.28048602404		-37227.40737191638		-26121.12688589234
328		3.27		133.46469854173705		10966.794279174534		-37497.7683201198		-26530.974040945268
329		3.28		132.9008007640256		10920.458798779984		-37577.34857819173		-26656.88977941175
330		3.29		132.49531227640387		10887.139809752105		-37638.197678835764		-26751.05786908366
331		3.3		148.5570084612029		12206.929385257043		-37880.79792800642		-25673.868542749377
332		3.31		145.84745106341512		11984.28505388082		-38334.64070272772		-26350.355648846897
333		3.32		142.7028586006265		11725.89389121348		-38857.4576634426		-27131.563772229118
334		3.33		139.87311168002992		11493.37358674806		-39331.94723136885		-27838.573644620796
335		3.34		138.31273311225016		11365.157279833595		-39602.12190134368		-28236.964621510084
336		3.35		139.16210589799854		11434.95024163854		-39469.78341550024		-28034.8331738617
337		3.36		142.9109321942169		11742.991298398803		-38843.72046591263		-27100.729167513826
338		3.37		148.6004926612075		12210.502481971422		-37884.411432497276		-25673.908950525853
339		3.38		154.12461023528996		12664.419223033778		-36954.77742874019		-24290.358205706412
340		3.39		157.61713730338624		12951.400172219248		-36377.524677075555		-23426.124504856307
341		3.4		151.38966776152586		12439.688999964581		-36163.637175528296		-23723.948175563717
342		3.41		152.18856402595506		12505.334306012728		-36049.65268392102		-23544.31837790829
343		3.42		153.7371216048542		12632.57928227087		-35798.58029262052		-23166.001010349653
344		3.43		156.19761270154697		12834.757835686116		-35378.91540006888		-22544.157564382764
345		3.44		158.1907675167169		12998.535366848628		-35029.17849773298		-22030.643130884353
346		3.45		157.79981977879382		12966.41119122349		-35081.28594860738		-22114.874757383892
347		3.46		154.05162614948236		12658.422120702966		-35704.10991362104		-23045.687792918074
348		3.47		147.79028730604392		12143.927907937628		-36758.137633792845		-24614.209725855217
349		3.48		141.57911764485397		11633.55609687765		-37811.54380560165		-26177.987708724002
350		3.49		138.54349412235788		11384.118912034148		-38327.61913194998		-26943.50021991583
351		3.5		151.3012216871411		12432.421386032383		-38097.31559607964		-25664.89421004726
352		3.51		155.27940654167205		12759.308835529191		-37407.03823229147		-24647.729396762275
353		3.52		158.82403821406191		13050.571220049467		-36796.771698875855		-23746.200478826388
354		3.53		159.3984068177692		13097.767088216095		-36700.348995861954		-23602.581907645857
355		3.54		156.67949608107014		12874.354192981533		-37169.41221700356		-24295.05802402203
356		3.55		152.54421028135638		12534.557758819054		-37880.627605884074		-25346.06984706502
357		3.56		149.69696353048917		12300.599493300295		-38367.57558928531		-26066.976095985017
358		3.57		149.72058829187057		12302.540739943004		-38355.84183037663		-26053.301090433626
359		3.58		151.9287206451034		12483.982975408146		-37967.447052857984		-25483.46407744984
360		3.59		154.11837091396117		12663.90653800019		-37587.471047566534		-24923.564509566342
361		3.6		150.49623353865113		12366.275509870964		-37503.90892235621		-25137.633412485247
362		3.61		149.16128747996294		12256.582992228554		-37733.95112684078		-25477.368134612225
363		3.62		146.8355356455134		12065.475963991837		-38128.73656667128		-26063.260602679442
364		3.63		144.7132663572831		11891.089096577953		-38489.35833448374		-26598.269237905784
365		3.64		143.9922192741461		11831.840657756584		-38620.39543494981		-26788.554777193225
366		3.65		145.80242593765806		11980.585339297362		-38330.76501773982		-26350.179678442455
367		3.66		150.68071156778697		12381.434069525056		-37521.05575222475		-25139.62168269969
368		3.67		157.72768576275496		12960.483939125575		-36336.62148107667		-23376.137541951095
369		3.68		164.57206532441347		13522.886607707056		-35183.56120259767		-21660.674594890617
370		3.69		168.76939796609594		13867.781430874104		-34484.41651512765		-20616.635084253543
371		3.7		151.37070926212067		12438.131180068456		-34270.96641106156		-21832.835230993107
372		3.71		151.81327053173686		12474.496439592818		-34214.6952909101		-21740.198851317284
373		3.72		152.72835020935835		12549.688536702977		-34067.17408776468		-21517.485551061705
374		3.73		154.42170219869675		12688.831269666913		-33774.77764782549		-21085.946378158576
375		3.74		155.80458163505705		12802.462472952637		-33530.25329602451		-20727.79082307187
376		3.75		155.5136653210657		12778.557879431968		-33573.51113851936		-20794.953259087393
377		3.76		153.328566235081		12599.008287536608		-33948.24042776304		-21349.232140226435
378		3.77		150.8216726560195		12393.016842145124		-34389.31103055067		-21996.294188405547
379		3.78		150.578138884996		12373.005672180123		-34446.19102586288		-22073.185353682755
380		3.79		153.9645853636356		12651.269979329936		-33871.57006839001		-21220.30008906007
381		3.8		155.5639087715961		12782.686383762051		-32919.27364199156		-20136.58725822951
382		3.81		160.2342712105798		13166.450065373343		-32127.098195723855		-18960.648130350513
383		3.82		161.6907464371181		13286.128634737994		-31891.39442009142		-18605.265785353426
384		3.83		160.03824748094723		13150.342795509434		-32187.101837815157		-19036.759042305723
385		3.84		157.25578553232515		12921.707897191158		-32670.622087666212		-19748.914190475054
386		3.85		155.60033058617228		12785.679164265777		-32955.6501451254		-20169.970980859624
387		3.86		156.21220056767515		12835.956520645868		-32850.43556657884		-20014.47904593297
388		3.87		158.67450075970882		13038.283727425274		-32429.624737435104		-19391.34101000983
389		3.88		161.53774446023075		13273.556462297161		-31942.88883298732		-18669.332370690157
390		3.89		163.31920822855906		13419.9393401407		-31642.671961742566		-18222.732621601866
391		3.9		150.4012317199709		12358.469210430008		-31577.12275848752		-19218.65354805751
392		3.91		149.9044746417021		12317.650681308663		-31662.081409335282		-19344.43072802662
393		3.92		148.75482745016637		12223.184171580171		-31855.04563513309		-19631.86146355292
394		3.93		147.24690813518953		12099.278441468523		-32105.529180452006		-20006.250738983483
395		3.94		145.56923089475612		11961.42370262211		-32382.494976001388		-20421.071273379275
396		3.95		143.8461888665007		11819.841339160364		-32669.207144424752		-20849.365805264388
397		3.96		142.41559311266752		11702.289286067891		-32912.26781859345		-21209.978532525558
398		3.97		141.9880527569895		11667.158295041827		-32992.4255242723		-21325.267229230474
399		3.98		143.4294553834185		11785.5983488555		-32761.59548050068		-20975.99713164518
400		3.99		147.20862613058137		12096.13280914987		-32134.724758654582		-20038.591949504713
401		4.0		155.4848277683998		12776.188297729412		-31213.226453401337		-18437.038155671926
402		4.01		160.7888558013561		13212.02028119743		-30318.562101108375		-17106.541819910944
403		4.02		163.93012260428972		13470.138174394486		-29791.49677208954		-16321.358597695054
404		4.03		163.92448146578784		13469.674642043787		-29798.251054252647		-16328.57641220886
405		4.04		161.23393281449776		13248.592259367282		-30256.347801169766		-17007.755541802486
406		4.05		157.29089891975573		12924.593164236328		-30921.101816410308		-17996.50865217398
407		4.06		153.6920401916953		12628.874942551603		-31523.4425236698		-18894.567581118197
408		4.07		151.54115673672075		12452.136849056344		-31878.285418584426		-19426.148569528083
409		4.08		151.07729078486767		12414.020983792576		-31946.29874817565		-19532.277764383074
410		4.09		151.65215634459005		12461.257686834964		-31837.849500856224		-19376.59181402126
411		4.1		150.46018357068047		12363.313284002814		-31748.070249581044		-19384.756965578228
412		4.11		149.61436203305877		12293.812128256439		-31878.67613520676		-19584.86400695032
413		4.12		146.73819299543604		12057.47731843498		-32354.32767345844		-20296.85035502346
414		4.13		142.14447045342527		11680.011137157955		-33125.14117127999		-21445.130034122034
415		4.14		137.26546931036043		11279.103613232317		-33948.54629946075		-22669.442686228434
416		4.15		133.98883982052007		11009.862968052134		-34500.72197730863		-23490.8590092565
417		4.16		133.5170881432573		10971.099132731451		-34575.47234504421		-23604.37321231276
418		4.17		135.635483040772		11145.167641460233		-34211.26031062444		-23066.09266916421
419		4.18		138.93358135070554		11416.172379587475		-33649.98161818928		-22233.809238601807
420		4.19		141.66480536046848		11640.597056469695		-33188.01323600469		-21547.416179534997
421		4.2		150.64742637035047		12378.699024851698		-33080.03006838312		-20701.331043531427
422		4.21		148.63850104058076		12213.62563050452		-33420.12299879665		-21206.49736829213
423		4.22		144.89527739293757		11906.044943377681		-34051.79573867603		-22145.75079529835
424		4.23		140.97222260518487		11583.68753146804		-34713.16788247645		-23129.480351008413
425		4.24		138.3873366432267		11371.287451973938		-35145.90610765633		-23774.618655682392
426		4.25		137.82812791941762		11325.337271138545		-35231.0859350669		-23905.748663928352
427		4.26		138.71780724291537		11398.442221150355		-35069.54468134056		-23671.102460190203
428		4.27		139.7230689097628		11481.044572315208		-34893.485388126755		-23412.440815811548
429		4.28		139.8401069185035		11490.661585493432		-34875.64971128484		-23384.988125791406
430		4.29		139.11473415354766		11431.057705397012		-35007.02726619596		-23575.96956079895
431		4.3		148.99617164456626		12243.01542403401		-35188.77529640135		-22945.759872367336
432		4.31		148.72984365387768		12221.13125303913		-35242.5606865332		-23021.42943349407
433		4.32		150.0401513189537		12328.799233878424		-35021.805429857326		-22693.0061959789
434		4.33		152.47101658338136		12528.543432656446		-34604.52848030373		-22075.985047647282
435		4.34		154.56281266100186		12700.426316354524		-34245.1621536168		-21544.735837262277
436		4.35		155.06777840719673		12741.919351719354		-34162.863659328366		-21420.94430760901
437		4.36		154.0886370174118		12661.463303720728		-34340.7584744035		-21679.29517068277
438		4.37		153.04460939745323		12575.675554188732		-34530.040124507315		-21954.364570318583
439		4.38		153.41309125491202		12605.95370841612		-34472.5143777822		-21866.56066936608
440		4.39		155.4691801565347		12774.902533462455		-34122.17596479314		-21347.273431330686
441		4.4		152.8248070020318		12557.614391356954		-33639.64366335432		-21082.029271997366
442		4.41		155.01805679078947		12737.833726499171		-33265.26299143451		-20527.429264935337
443		4.42		155.29515843365817		12760.603168493693		-33216.62205354752		-20456.01888505383
444		4.43		153.3210558026329		12598.391155302346		-33547.12337148122		-20948.732216178872
445		4.44		149.64143101166883		12296.036386228827		-34161.846743782335		-21865.810357553506
446		4.45		145.30030185327965		11939.32580328399		-34888.100690394174		-22948.774887110187
447		4.46		141.65451698882754		11639.751660971959		-35502.935180102184		-23863.183519130223
448		4.47		140.18995994255064		11519.409008479386		-35754.547574750606		-24235.13856627122
449		4.48		141.8250992388242		11653.768404454186		-35481.02743037926		-23827.259025925076
450		4.49		146.0933678648406		12004.49203745395		-34760.07441451047		-22755.58237705652
451		4.5		155.078711942928		12742.817760350394		-33905.50826258282		-21162.690502232428
452		4.51		158.8776446260737		13054.976058924476		-33272.855917130626		-20217.87985820615
453		4.52		160.44497826651406		13183.76386415946		-33018.7656347271		-19835.001770567636
454		4.53		159.90110832879526		13139.074071377107		-33116.57686553555		-19977.50279415844
455		4.54		157.95229617326027		12978.940176556796		-33443.68879775909		-20464.748621202292
456		4.55		155.37532567243886		12767.1905105043		-33871.99716018272		-21104.80664967842
457		4.56		152.91403987136292		12564.946656229891		-34283.087519404326		-21718.140863174434
458		4.57		151.41828964160007		12442.040859850278		-34535.822325140856		-22093.78146529058
459		4.58		151.60939908554707		12457.744322859402		-34504.07696652299		-22046.332643663587
460		4.59		153.51099507203116		12613.998465068802		-34182.51431020938		-21568.515845140577
461		4.6		152.89266993467442		12563.190688532197		-33692.854006142916		-21129.66331761072
462		4.61		155.54144345902625		12780.840409028187		-33241.01744946962		-20460.17704044143
463		4.62		156.39223323944037		12850.749805284815		-33090.105549763925		-20239.355744479108
464		4.63		154.45570457261078		12691.625244731427		-33410.4188907674		-20718.793646035978
465		4.64		149.93806540882326		12320.410834643008		-34167.110436548945		-21846.699601905937
466		4.65		144.20643395643785		11849.442678200498		-35129.009598260156		-23279.56692005966
467		4.66		139.2377092636067		11441.162570190561		-35965.57170168056		-24524.409131489996
468		4.67		136.99945342679993		11257.245088080152		-36347.3968998279		-25090.15181174775
469		4.68		138.79498280136556		11404.78373678821		-36052.11502112837		-24647.331284340158
470		4.69		144.55646059514976		11878.204367103455		-35085.9473748976		-23207.743007794146
471		4.7		157.878715209422		12972.894028758208		-33758.90367225279		-20786.00964349458
472		4.71		164.8040515329738		13541.948914464458		-32598.22554864009		-19056.276634175632
473		4.72		169.0484560722774		13890.711635459034		-31908.988230016763		-18018.276594557727
474		4.73		171.22417847330365		14069.49074515136		-31571.50882800965		-17502.01808285829
475		4.74		172.7415811322767		14194.175721639178		-31320.521677822384		-17126.345956183206
476		4.75		173.6498392193289		14268.807288652257		-31166.716109613386		-16897.90882096113
477		4.76		173.5827716978419		14263.296350411669		-31187.505678236535		-16924.209327824865
478		4.77		173.10851268504845		14224.326487330432		-31277.442390348726		-17053.115903018293
479		4.78		173.1384808689654		14226.788973002887		-31276.349717728062		-17049.560744725175
480		4.79		174.00157087401146		14297.709078717522		-31129.178502420036		-16831.469423702514
481		4.8		152.00220828565037		12490.02145483189		-30788.9652472662		-18298.943792434307
482		4.81		155.01405046588724		12737.504526781955		-30280.265458852937		-17542.76093207098
483		4.82		157.67526163065787		12956.176248191157		-29830.36472789867		-16874.18847970751
484		4.83		158.80338752880493		13048.874353241901		-29638.26643571882		-16589.392082476916
485		4.84		157.85580283545212		12971.011318989102		-29796.651760432323		-16825.64044144322
486		4.85		155.19929745535697		12752.726271906682		-30243.367680804295		-17490.641408897613
487		4.86		151.92433631286139		12483.62271482782		-30794.42774631036		-18310.80503148254
488		4.87		149.36424897917493		12273.260338618804		-31225.975178697827		-18952.714840079025
489		4.88		148.59900821313803		12210.380504873552		-31356.796656424922		-19146.41615155137
490		4.89		150.13197514727838		12336.344397851864		-31104.658233156606		-18768.31383530474
491		4.9		153.75105960276537		12633.724567559231		-30483.488516460446		-17849.763948901214
492		4.91		159.0819320843444		13071.76235937058		-29595.143932453808		-16523.38157308323
493		4.92		164.6980701672392		13533.240425642045		-28655.08440088365		-15121.843975241605
494		4.93		168.97771471826894		13884.89881840016		-27938.87602076003		-14053.977202359873
495		4.94		170.67945980610256		14024.731212267448		-27653.90750845996		-13629.176296192512
496		4.95		169.32167091752083		13913.161699292688		-27879.72887107261		-13966.567171779921
497		4.96		165.3286657001796		13585.056460583759		-28551.423951368648		-14966.367490784889
498		4.97		160.26679544147552		13169.122581426043		-29409.413636690635		-16240.291055264592
499		4.98		156.50833279160486		12860.289705486171		-30049.24177770021		-17188.952072214037
500		4.99		156.02078204701942		12820.227660803586		-30134.28832765146		-17314.060666847872
501		5.0		153.38612463726193		12603.737861443813		-29564.106873559034		-16960.36901211522
502		5.01		159.55447456483301		13110.591174992329		-28525.29403806327		-15414.702863070943
503		5.02		166.0595180282785		13645.110596383643		-27431.456971615604		-13786.34637523196
504		5.03		170.44452743167312		14005.426819060582		-26698.31624639479		-12692.889427334207
505		5.04		171.32455593464556		14077.738761149827		-26556.430748769948		-12478.691987620121
506		5.05		168.75965760692162		13866.98106556075		-26990.709322131537		-13123.728256570786
507		5.06		163.91525640065126		13468.916618441513		-27804.745812406898		-14335.829193965385
508		5.07		158.57908792742484		13030.4436549965		-28701.25993648209		-15670.81628148559
509		5.08		154.697708603275		12711.510715931108		-29353.9268904628		-16642.416174531692
510		5.09		153.739600224046		12632.78295040986		-29514.456527916445		-16881.673577506583
511		5.1		152.48974264590422		12530.082153213949		-29097.47870076505		-16567.3965475511
512		5.11		157.8824667293637		12973.202291151814		-28196.697569700635		-15223.49527854882
513		5.12		164.66315523355803		13530.371465541464		-27059.98415462729		-13529.612689085827
514		5.13		170.6067059858892		14018.753030860515		-26058.518623632022		-12039.765592771508
515		5.14		173.43788063328228		14251.390651636804		-25581.79438174011		-11330.403730103306
516		5.15		172.0473992138032		14137.134793398209		-25816.608052247808		-11679.473258849599
517		5.16		166.96927390566256		13719.865236828293		-26667.94697011767		-12948.081733289378
518		5.17		159.94132382606247		13142.378578787553		-27846.52824118499		-14704.149662397438
519		5.18		153.42084897057464		12606.591159912117		-28944.163611020525		-16337.572451108408
520		5.19		149.83033212238206		12311.558390496133		-29543.835000414765		-17232.276609918634
521		5.2		150.18614497386926		12340.795532502838		-29495.35915917944		-17154.5636266766
522		5.21		152.75229555219445		12551.65612552382		-29049.52340770535		-16497.86728218153
523		5.22		155.58722811463136		12784.60253417926		-28574.407287346232		-15789.804753166973
524		5.23		157.57046184748756		12947.564850008053		-28251.27205024613		-15303.707200238077
525		5.24		158.6120744696739		13033.154159173106		-28082.30149654096		-15049.147337367855
526		5.25		158.76957336687465		13046.095843556091		-28052.607128152882		-15006.51128459679
527		5.26		157.8126495231733		12967.46541131915		-28206.28763119543		-15238.822219876281
528		5.27		155.64398121585197		12789.265936506556		-28567.93975592509		-15778.673819418535
529		5.28		152.84958343470112		12559.650270829392		-29038.45988738329		-16478.8096165539
530		5.29		150.4014371975208		12358.486094520285		-29445.13990749195		-17086.653812971665
531		5.3		148.32593529961616		12187.942103569461		-29713.91669254412		-17525.97458897466
532		5.31		147.02143324976805		12080.75117013344		-29922.103067120468		-17841.351896987027
533		5.32		145.60377910078657		11964.262528711632		-30156.269492631087		-18192.006963919455
534		5.33		144.16117851821977		11845.72403884212		-30400.43646901651		-18554.71243017439
535		5.34		143.30703679854213		11775.539213736207		-30549.605051327726		-18774.06583759152
536		5.35		143.72268214872682		11809.692792160884		-30483.987460521996		-18674.29466836111
537		5.36		145.49203754410422		11955.080724999045		-30185.011191007114		-18229.930466008067
538		5.37		147.78968925829426		12143.878766354039		-29794.19926997136		-17650.32050361732
539		5.38		149.4235259469269		12278.131127058983		-29519.292583845418		-17241.161456786434
540		5.39		149.84974067075268		12313.153190915747		-29457.150219711966		-17143.99702879622
541		5.4		149.89148232407533		12316.58310256927		-29491.471543203654		-17174.888440634386
542		5.41		150.6081951793862		12375.475397890164		-29383.21424403797		-17007.738846147804
543		5.42		152.93534660617615		12566.697430629494		-28994.778811933727		-16428.081381304233
544		5.43		156.36565390034488		12848.56578099134		-28416.52920663759		-15567.963425646252
545		5.44		159.59819363734476		13114.18357118062		-27874.211457266538		-14760.027886085918
546		5.45		161.51731266217817		13271.877581451181		-27555.880802113094		-14284.003220661913
547		5.46		161.67950432173197		13285.204870116715		-27531.155337905875		-14245.95046778916
548		5.47		160.14680291829168		13159.262795796029		-27785.0551477897		-14625.79235199367
549		5.48		157.1456516583872		12912.658196769677		-28280.102889445472		-15367.444692675796
550		5.49		153.02640149200099		12574.17941059772		-28962.77001709228		-16388.59060649456
551		5.5		145.6570105341425		11968.63655559049		-29688.87397972661		-17720.237424136118
552		5.51		142.44168095827834		11704.43292434173		-30233.96455038697		-18529.53162604524
553		5.52		141.91963575208166		11661.53646974855		-30332.781764737698		-18671.24529498915
554		5.53		145.2048924486741		11931.48601250755		-29791.923181006747		-17860.437168499197
555		5.54		152.09969734436282		12498.032130786294		-28640.005995522733		-16141.97386473644
556		5.55		160.8200190795352		13214.580967765407		-27178.480896758523		-13963.899928993116
557		5.56		168.7211259410145		13863.814918573162		-25856.258537546848		-11992.443618973686
558		5.57		173.5582971074342		14261.28527331787		-25052.387183806746		-10791.101910488876
559		5.58		174.4589212609273		14335.289560010397		-24912.894808556346		-10577.60524854595
560		5.59		172.17465485606283		14147.591389522682		-25308.302277018956		-11160.710887496274
561		5.6		147.2248090530254		12097.462559887097		-25778.43227240871		-13680.969712521613
562		5.61		145.74116856560428		11975.551821035704		-26019.39644628601		-14043.844625250305
563		5.62		145.42622855735428		11949.673200557801		-26056.971980481678		-14107.298779923876
564		5.63		145.22934682492954		11933.49542860446		-26079.357547068		-14145.862118463541
565		5.64		144.43488132530405		11868.214198500234		-26213.171708810998		-14344.957510310764
566		5.65		143.38115020972455		11781.629112733068		-26394.94894647667		-14613.319833743602
567		5.66		142.89457923313623		11741.647575586805		-26476.61408754693		-14734.966511960123
568		5.67		143.4301236133655		11785.653257310243		-26388.21806284576		-14602.564805535518
569		5.68		145.19853629483578		11930.963727346656		-26099.68605101373		-14168.722323667074
570		5.69		148.25089143619812		12181.775749312399		-25588.503112447062		-13406.727363134663
571		5.7		153.3737344936305		12602.719763341618		-25013.842976465752		-12411.123213124134
572		5.71		155.33169260371994		12763.605181247667		-24684.17720823915		-11920.572026991484
573		5.72		155.12172467749562		12746.352116749815		-24730.46538186188		-11984.113265112064
574		5.73		153.53565035063323		12616.024389311533		-25008.284680536995		-12392.260291225462
575		5.74		151.91227297358137		12482.631470239181		-25284.079610885972		-12801.448140646791
576		5.75		151.05491726537596		12412.182551695943		-25426.4680127852		-13014.285461089257
577		5.76		151.12387576876756		12417.84887191963		-25413.826410940794		-12995.977539021163
578		5.77		151.94606256849173		12485.407961252966		-25273.974359972497		-12788.566398719531
579		5.78		153.0660626778332		12577.438370237554		-25081.508010300415		-12504.06964006286
580		5.79		153.82435215038896		12639.747016197462		-24951.09802277681		-12311.351006579347
581		5.8		150.13919678451194		12336.937799783347		-24931.01709217863		-12594.079292395283
582		5.81		150.03288550643734		12328.202202063956		-24955.48848865898		-12627.286286595023
583		5.82		150.17558507785756		12339.927825847555		-24934.390257710616		-12594.462431863061
584		5.83		150.68664876135696		12381.921928720702		-24846.245279672807		-12464.323350952105
585		5.84		151.1494144963642		12419.947389166246		-24763.587656924956		-12343.64026775871
586		5.85		150.96477520325686		12404.775578451616		-24790.162348576112		-12385.386770124496
587		5.86		149.8380106687263		12312.18933664924		-24978.569192550414		-12666.379855901174
588		5.87		148.0896650971736		12168.527781034754		-25274.881807933558		-13106.354026898804
589		5.88		146.5087436335327		12038.623464367382		-25543.465817621825		-13504.842353254444
590		5.89		145.8572546066274		11985.090611026575		-25655.24399127391		-13670.153380247335
591		5.9		150.50302009716157		12366.833161383765		-25572.897402025195		-13206.06424064143
592		5.91		151.90109582773485		12481.713044164973		-25338.60864000908		-12856.895595844106
593		5.92		153.62553685215255		12623.410363141375		-25047.722962788303		-12424.312599646928
594		5.93		154.8628933800401		12725.083949037895		-24837.70881450236		-12112.624865464464
595		5.94		154.890167806539		12727.32508866331		-24829.958808110645		-12102.633719447334
596		5.95		153.3365275315399		12599.662467266633		-25086.872538667827		-12487.210071401194
597		5.96		150.32418178853746		12352.138017564124		-25588.496387603653		-13236.358370039528
598		5.97		146.4618944747621		12034.7738689912		-26232.531742720756		-14197.757873729555
599		5.98		142.64032205293222		11720.75526308944		-26869.133024599265		-15148.377761509824
600		5.99		139.71848377816806		11480.66781205207		-27354.564349269414		-15873.896537217344
601		6.0		148.1392259825195		12172.600198983626		-27662.1190372687		-15489.518838285076
602		6.01		147.34848536677447		12107.625042587859		-27791.490489031738		-15683.865446443879
603		6.02		147.64245626661207		12131.780631427513		-27740.46668090123		-15608.686049473718
604		6.03		148.79372824795323		12226.380650134317		-27545.39126819265		-15319.010618058332
605		6.04		150.25874617193872		12346.761172948205		-27294.489728890203		-14947.728555941998
606		6.05		151.15591437134304		12420.481483893258		-27135.90736155465		-14715.425877661393
607		6.06		150.59875266445331		12374.69950643813		-27223.485148087613		-14848.785641649483
608		6.07		148.34732152488635		12189.699409699911		-27601.29680849888		-15411.597398798967
609		6.08		145.13161710061647		11925.464977157655		-28143.169196963852		-16217.704219806197
610		6.09		142.16169696936993		11681.426639973128		-28640.130545870685		-16958.703905897557
611		6.1		147.84153755578353		12148.139140958732		-28998.65553979403		-16850.516398835294
612		6.11		146.8238533860748		12064.516032733767		-29171.315675280544		-17106.79964254678
613		6.12		147.53159264915544		12122.670967981103		-29062.434711023463		-16939.76374304236
614		6.13		150.5504226930426		12370.72823268731		-28567.345915283317		-16196.617682596006
615		6.14		155.819760093541		12803.709686886263		-27689.28760102811		-14885.577914141848
616		6.15		162.16481499807585		13325.082848391894		-26626.20320360445		-13301.120355212557
617		6.16		167.72959008057916		13782.34041692119		-25694.875859611		-11912.535442689808
618		6.17		170.97579155320147		14049.080791926566		-25155.316686839116		-11106.23589491255
619		6.18		171.31158566319573		14076.672993944792		-25101.23191707852		-11024.558923133727
620		6.19		168.85380104958114		13874.716832244081		-25506.15846458697		-11631.441632342889
621		6.2		146.05001653271586		12000.929858493262		-26160.16588593088		-14159.236027437619
622		6.21		141.82052948006418		11653.392907376874		-26869.517568055937		-15216.124660679063
623		6.22		138.59182617461215		11388.09035676788		-27415.35497237409		-16027.264615606211
624		6.23		137.579971721178		11304.946276329196		-27584.48246422934		-16279.536187900143
625		6.24		138.98747251082787		11420.600616214726		-27345.173639459852		-15924.573023245126
626		6.25		142.07477536787925		11674.284291978638		-26829.676130981825		-15155.391839003187
627		6.26		145.9817033362658		11995.316563140963		-26184.977920533493		-14189.66135739253
628		6.27		150.22103876920272		12343.662755665388		-25487.34820200246		-13143.685446337073
629		6.28		154.43754614241243		12690.13316652203		-24788.3175001308		-12098.184333608771
630		6.29		157.91639671069927		12975.990317718159		-24204.577984394396		-11228.587666676238
631		6.3		151.85278581372197		12477.743410313535		-23889.616252675325		-11411.87284236179
632		6.31		151.54449940244984		12452.411515899305		-23939.283214649706		-11486.871698750401
633		6.32		149.05485699296682		12247.837599112085		-24358.39756945238		-12110.559970340295
634		6.33		145.34625809651249		11943.102027790432		-24982.63148492599		-13039.529457135559
635		6.34		141.83359557650542		11654.46654852145		-25570.90047268105		-13916.433924159599
636		6.35		139.5594450217093		11467.599597433855		-25944.086582564105		-14476.48698513025
637		6.36		138.5251351238856		11382.61035312968		-26103.09129407226		-14720.48094094258
638		6.37		137.86735103483298		11328.560234532226		-26203.96606035558		-14875.405825823353
639		6.38		136.98869918469902		11256.361412006718		-26354.663119938105		-15098.301707931387
640		6.39		136.34986306480894		11203.868248035351		-26472.062196554838		-15268.193948519487
641		6.4		150.11619230621608		12335.047521801776		-26458.626992863687		-14123.57947106191
642		6.41		151.0185042195854		12409.190491723331		-26304.14142714767		-13894.95093542434
643		6.42		152.2675842066114		12511.827394257258		-26088.00816617709		-13576.180771919831
644		6.43		153.00997074107315		12572.829295793981		-25960.872615777116		-13388.043319983135
645		6.44		152.84828345030266		12559.543451111369		-25992.387152527765		-13432.843701416396
646		6.45		152.2554267908573		12510.828419404745		-26101.70362002038		-13590.875200615636
647		6.46		152.29755256556322		12514.289894312331		-26104.936679204162		-13590.646784891831
648		6.47		153.86246185991712		12642.87849102939		-25847.341947829118		-13204.463456799727
649		6.48		156.9477503348278		12896.3966450128		-25329.883749364017		-12433.487104351218
650		6.49		160.73079421034691		13207.249360264206		-24698.736573194918		-11491.487212930711
651		6.5		153.90548937101133		12646.414061616		-24054.4109981576		-11407.9969365416
652		6.51		158.05912215511074		12987.71806748545		-23369.47213935572		-10381.75407187027
653		6.52		162.06274709218286		13316.695928564666		-22702.1324335732		-9385.436505008533
654		6.53		164.99543599450902		13557.674975668808		-22205.958828782128		-8648.28385311332
655		6.54		165.62958310350558		13609.782843615054		-22092.719264618776		-8482.936421003722
656		6.55		163.28955438899195		13417.502684143468		-22483.274062903383		-9065.771378759915
657		6.56		158.61404570822114		13033.316135844532		-23271.33734705489		-10238.021211210358
658		6.57		153.286395544785		12595.543121914983		-24162.125392003967		-11566.582270088984
659		6.58		148.57291863835215		12208.236724513397		-24933.712712439446		-12725.47598792605
660		6.59		144.31539582764546		11858.396075157627		-25623.31626292216		-13764.920187764532
661		6.6		145.11239699129703		11923.885660774878		-26426.790755702976		-14502.905094928097
662		6.61		139.46752698880894		11460.046692670432		-27368.82341690069		-15908.776724230258
663		6.62		134.31445059811105		11036.618405646785		-28237.05424073468		-17200.435835087897
664		6.63		131.53396399244167		10808.145821258933		-28710.18390747148		-17902.038086212546
665		6.64		132.48165697903286		10886.017753967131		-28552.055310817694		-17666.037556850562
666		6.65		136.85138224287573		11245.078078897099		-27809.919335581653		-16564.841256684555
667		6.66		142.48666897900603		11708.129590004926		-26852.102212106558		-15143.972622101632
668		6.67		146.5393680467047		12041.139872397725		-26164.812768639593		-14123.672896241867
669		6.68		147.03399891446375		12081.783690801487		-26081.076790190884		-13999.293099389397
670		6.69		143.71323270011771		11808.916330968672		-26641.791533002175		-14832.875202033503
671		6.7		143.91497676283615		11825.493640602246		-27668.510766167077		-15843.017125564831
672		6.71		137.4187381151506		11291.697710921926		-28763.5263734894		-17471.828662567474
673		6.72		133.0403120285239		10931.92243938381		-29497.142630678998		-18565.220191295186
674		6.73		132.07624952153623		10852.705423184632		-29648.58414312088		-18795.87871993625
675		6.74		133.97093383915646		11008.391633563486		-29316.731828684075		-18308.34019512059
676		6.75		136.94550029346811		11252.811759114276		-28810.2135776504		-17557.401818536124
677		6.76		139.35600530586572		11450.882955982986		-28409.03538393217		-16958.152427949182
678		6.77		140.62294252882464		11554.98718759352		-28207.260389353003		-16652.273201759483
679		6.78		141.2363444853952		11605.390426364924		-28116.736593949197		-16511.346167584274
680		6.79		142.12132183147216		11678.109014892067		-27976.928819852987		-16298.81980496092
681		6.8		151.54399687642987		12452.370223336244		-27722.952465151913		-15270.58224181567
682		6.81		153.68002532812073		12627.887681211681		-27373.670802478184		-14745.783121266502
683		6.82		156.6949064603611		12875.620463847872		-26881.363284522115		-14005.742820674242
684		6.83		160.71766932896418		13206.170888760988		-26211.700187720664		-13005.529298959676
685		6.84		164.82854347921784		13543.96141768733		-25513.095861971226		-11969.134444283896
686		6.85		166.9754601173026		13720.373557838753		-25137.76738113178		-11417.393823293027
687		6.86		165.24454134978475		13578.143962711814		-25415.87757166932		-11837.733608957506
688		6.87		159.39128680684726		13097.182036918639		-26398.95952794679		-13301.777491028151
689		6.88		151.80786693397874		12474.052425965034		-27691.533818917098		-15217.481392952064
690		6.89		146.67254082619178		12052.08267968818		-28562.069862717733		-16509.987183029552
691		6.9		149.43125540944223		12278.76625699387		-28628.66633668988		-16349.90007969601
692		6.91		151.34076682602063		12435.670810094114		-28270.380761923912		-15834.709951829798
693		6.92		151.87267529888723		12479.377729309565		-28156.550709031806		-15677.172979722242
694		6.93		148.80654495186835		12227.433798695023		-28672.139295257115		-16444.705496562092
695		6.94		143.42977874318308		11785.624919327354		-29599.48327283697		-17813.858353509615
696		6.95		139.36075175211565		11451.272971471342		-30288.86303047576		-18837.59005900442
697		6.96		138.49697048300862		11380.29606458882		-30415.389239922733		-19035.093175333914
698		6.97		139.72781440546547		11481.434509697097		-30194.712278855026		-18713.27776915793
699		6.98		141.0318989324279		11588.591135277602		-29964.925376650463		-18376.33424137286
700		6.99		140.7143878952217		11562.501253350367		-30010.048740854425		-18447.54748750406
701		7.0		146.99025170309972		12078.188982443704		-30523.367080962376		-18445.17809851867
702		7.01		142.7848434857969		11732.63058922793		-31262.626100489793		-19529.995511261863
703		7.02		141.5902174070434		11634.468164336757		-31497.596024477858		-19863.127860141103
704		7.03		146.49122888206233		12037.184277239061		-30675.019142024437		-18637.834864785378
705		7.04		156.05389831760095		12822.948824757272		-29048.61957973077		-16225.670754973498
706		7.05		165.53695613372534		13602.171685508212		-27446.283573268538		-13844.111887760326
707		7.06		170.77069003580468		14032.22760024207		-26572.53551318874		-12540.307912946671
708		7.07		170.24027259259725		13988.643198933716		-26669.823345908488		-12681.180146974772
709		7.08		165.00210621163382		13558.223067409952		-27560.66426695272		-14002.441199542769
710		7.09		158.25424367333895		13003.751202638261		-28716.64984808551		-15712.89864544725
711		7.1		146.48756172345807		12036.88294681655		-29317.93794633319		-17281.05499951664
712		7.11		148.38758810489028		12193.008114578835		-28981.520432073194		-16788.51231749436
713		7.12		153.84503681022883		12641.446674696503		-28056.463530572662		-15415.01685587616
714		7.13		160.02027484074716		13148.865983664195		-27033.330338615717		-13884.464354951522
715		7.14		165.36524087253426		13588.06184249614		-26152.824145899835		-12564.762303403695
716		7.15		169.178875639699		13901.428211314067		-25522.554343390657		-11621.12613207659
717		7.16		171.00900627509662		14051.81004562469		-25220.46477598432		-11168.65473035963
718		7.17		170.81019897987233		14035.47405017611		-25257.66868864088		-11222.194638464769
719		7.18		169.0954614530522		13894.5740675973		-25544.6882083712		-11650.114140773901
720		7.19		166.46131305108574		13678.126093407715		-25975.274815802317		-12297.148722394602
721		7.2		147.36123525284185		12108.672700726016		-26404.466908956267		-14295.79420823025
722		7.21		145.13841821517636		11926.023824741042		-26774.282131240823		-14848.258306499782
723		7.22		143.88978898689217		11823.42396105293		-26994.79922050383		-15171.375259450902
724		7.23		144.87249513136018		11904.172924943867		-26845.982243177696		-14941.809318233829
725		7.24		148.99488838923574		12242.9099789435		-26165.617405660556		-13922.707426717056
726		7.25		155.77006057825042		12799.625877714838		-25033.174175056247		-12233.54829734141
727		7.26		163.26650087753745		13415.608377107252		-23775.773388024925		-10360.165010917673
728		7.27		168.96595180408886		13883.932259741981		-22818.54716804685		-8934.61490830487
729		7.28		170.84971095647026		14038.720749293161		-22501.931241815637		-8463.210492522476
730		7.29		168.2427881183781		13824.509899687127		-22940.995200374313		-9116.485300687185
731		7.3		144.82936338602417		11900.628789429606		-23812.394892965796		-11911.76610353619
732		7.31		139.51442541850014		11463.900336638157		-24705.220191928955		-13241.319855290798
733		7.32		135.85465676672314		11163.17714652164		-25312.190231339304		-14149.013084817663
734		7.33		134.5060146630618		11052.359224863787		-25526.272419584944		-14473.913194721157
735		7.34		135.0042215122953		11093.296881665305		-25434.998555849204		-14341.7016741839
736		7.35		136.60664097921372		11224.967689261992		-25168.08776486808		-13943.120075606088
737		7.36		138.91490338908682		11414.637611481265		-24787.624222175655		-13372.98661069439
738		7.37		141.6760087185341		11641.517636401946		-24327.30713476456		-12685.789498362614
739		7.38		144.20009584677027		11848.921875729113		-23897.786112210066		-12048.864236480953
740		7.39		145.17341910597395		11928.89984793788		-23721.299416438742		-11792.399568500861
741		7.4		147.84959587417552		12148.801292981003		-24069.248866170317		-11920.447573189314
742		7.41		142.0702757713938		11673.914560135428		-25034.289812849736		-13360.375252714308
743		7.42		134.1734079335633		11025.028929900898		-26363.52158342093		-15338.492653520032
744		7.43		127.06512587638373		10440.941393262452		-27562.784953827784		-17121.843560565332
745		7.44		123.5817842118327		10154.715208686293		-28147.727300606042		-17993.01209191975
746		7.45		124.94279773912861		10266.549690224198		-27913.531662367255		-17646.981972143058
747		7.46		130.33316428841476		10709.476109579042		-27006.21466470142		-16296.738555122378
748		7.47		137.79792229747494		11322.855275183516		-25759.943993499604		-14437.088718316088
749		7.48		145.35162407700238		11943.542950407287		-24504.656067349322		-12561.113116942035
750		7.49		151.46742686741973		12446.07846569588		-23490.218173450427		-11044.139707754546
751		7.5		153.7043144547196		12629.88351874431		-22876.91201876198		-10247.028500017672
752		7.51		154.6569841434526		12708.1643870675		-22722.58439465188		-10014.42000758438
753		7.52		153.15675652316523		12584.890683508487		-22978.455102339263		-10393.564418830776
754		7.53		150.22564793367292		12344.041490709904		-23474.221172687874		-11130.17968197797
755		7.54		147.407068508616		12112.438819352976		-23954.707412667864		-11842.268593314888
756		7.55		146.47827688063072		12036.120011281426		-24122.154010028044		-12086.033998746618
757		7.56		148.69660787450348		12218.400269047952		-23752.587323235864		-11534.187054187913
758		7.57		153.46154743448707		12609.935352691802		-22938.83373607425		-10328.89838338245
759		7.58		158.07651295195615		12989.147069262237		-22147.85234275135		-9158.705273489113
760		7.59		159.61902410384013		13115.895210612543		-21883.19999225558		-8767.304781643037
761		7.6		147.7603091204015		12141.464600423393		-22262.806857171847		-10121.342256748454
762		7.61		143.0902568309212		11757.726403796794		-23053.8771629403		-11296.150759143507
763		7.62		138.0366118914094		11342.46839911711		-23902.866728371017		-12560.398329253907
764		7.63		134.18515347920203		11025.99406138603		-24534.652579986305		-13508.658518600274
765		7.64		131.5482926702975		10809.323208718346		-24954.757394216194		-14145.434185497848
766		7.65		129.1353518302899		10611.05185989492		-25346.204273884276		-14735.152413989355
767		7.66		126.46140684771632		10391.33380067685		-25793.67860996398		-15402.34480928713
768		7.67		124.05176622606436		10193.333630795709		-26199.65482697484		-16006.32119617913
769		7.68		122.66825824926269		10079.650780341915		-26428.7884210461		-16349.137640704186
770		7.69		122.48895030881518		10064.917046875344		-26452.513053590304		-16387.59600671496
771		7.7		149.46737213643502		12281.733968450866		-26536.554587659037		-14254.82061920817
772		7.71		147.20407317761087		12095.758693004285		-26915.910335420125		-14820.15164241584
773		7.72		143.95137593027627		11828.484560190802		-27464.06568014254		-15635.581119951737
774		7.73		141.02105881713626		11587.700403004088		-27958.01486031145		-16370.314457307362
775		7.74		139.6258278112985		11473.054271254397		-28193.6613569112		-16720.607085656804
776		7.75		140.3632810623815		11533.65080489589		-28069.44460766462		-16535.79380276873
777		7.76		142.93000429809342		11744.558453174337		-27635.843871040524		-15891.285417866187
778		7.77		146.25474787757972		12017.752633100725		-27077.05810931645		-15059.305476215726
779		7.78		149.20013990626006		12259.77549609739		-26589.501513631374		-14329.726017533983
780		7.79		151.2985954543123		12432.205588480843		-26249.26968493396		-13817.064096453116
781		7.8		151.47778248779457		12446.929387022079		-26010.48122696316		-13563.55183994108
782		7.81		152.6346097026263		12541.985879264805		-25821.168263170857		-13279.182383906053
783		7.82		153.49635431657785		12612.795434193202		-25679.110802326893		-13066.315368133692
784		7.83		153.96196839518845		12651.054943032635		-25600.380950238963		-12949.326007206328
785		7.84		153.80314491412727		12638.004417593838		-25622.065290439645		-12984.060872845806
786		7.85		152.66023617452598		12544.0916064608		-25805.38920097399		-13261.29759451319
787		7.86		150.19069369459046		12341.1693008845		-26208.31230865703		-13867.14300777253
788		7.87		146.22195955097985		12015.058416304015		-26859.87040768444		-14844.811991380426
789		7.88		140.86477620656478		11574.858660893427		-27744.078289098514		-16169.219628205086
790		7.89		134.72474254743156		11070.332095122452		-28765.01550473627		-17694.68340961382
791		7.9		143.41819267453832		11784.672892066814		-29870.17393168263		-18085.501039615818
792		7.91		138.3919889331396		11371.66973063608		-30724.51625399586		-19352.846523359778
793		7.92		137.43526698445552		11293.05588811271		-30891.792109281905		-19598.736221169194
794		7.93		141.34854050217808		11614.609573063974		-30228.928731173102		-18614.31915810913
795		7.94		148.41106351447465		12194.937088984381		-29037.988592417052		-16843.05150343267
796		7.95		155.80902245544763		12802.827375164132		-27802.481538325323		-14999.65416316119
797		7.96		161.45828806447665		13267.027530258047		-26868.657941225985		-13601.630410967939
798		7.97		164.61135884708293		13526.115356464805		-26355.711380445162		-12829.596023980357
799		7.98		165.64161870887853		13610.77180930855		-26198.390270403685		-12587.618461095135
800		7.99		165.58193552601676		13605.867642172798		-26219.43876507522		-12613.571122902424
801		8.0		150.37076842371937		12355.966041377022		-26156.72234570535		-13800.75630432833
802		8.01		151.58896129382893		12456.064949513922		-25941.117342210604		-13485.052392696682
803		8.02		152.40579321206548		12523.18402823542		-25793.785295552403		-13270.601267316983
804		8.03		151.75011893070382		12469.307272535934		-25904.793859090198		-13435.486586554263
805		8.04		149.86981938029305		12314.803058478681		-26231.35490918471		-13916.551850706028
806		8.05		148.20750281658673		12178.210506438932		-26522.114580704212		-14343.90407426528
807		8.06		148.2245635278319		12179.612385081948		-26523.101210467627		-14343.488825385679
808		8.07		150.21957900018538		12343.542806445232		-26182.133907798		-13838.59110135277
809		8.08		153.0407766334096		12575.360615967265		-25697.723878186633		-13122.363262219367
810		8.09		154.85403599661697		12724.356137842016		-25385.315256918875		-12660.959119076859
811		8.1		149.68174097585268		12299.348655985814		-25437.6693923583		-13138.320736372487
812		8.11		147.4001804996828		12111.872831658935		-25826.01302173081		-13714.140190071876
813		8.12		144.28198804141076		11855.650957362723		-26355.555523002044		-14499.904565639321
814		8.13		141.75644056878465		11648.126721537035		-26777.08537762328		-15128.958656086244
815		8.14		140.43333231636186		11539.406916435453		-26987.988958743692		-15448.582042308239
816		8.15		139.9278841902877		11497.87424391594		-27064.772432739475		-15566.898188823536
817		8.16		139.8012414866394		11487.46801295716		-27087.90437291486		-15600.436359957701
818		8.17		140.198387798757		11520.101525423863		-27026.864197137023		-15506.76267171316
819		8.18		141.4259479893638		11620.970146286023		-26823.885466921838		-15202.915320635815
820		8.19		143.4160457680357		11784.496480759493		-26493.567432011958		-14709.070951252465
821		8.2		152.2682824733628		12511.884770836223		-26120.735276836902		-13608.85050600068
822		8.21		154.3727273342385		12684.80700505438		-25775.52555995576		-13090.718554901381
823		8.22		156.19800615991406		12834.790166160139		-25472.295947680777		-12637.505781520638
824		8.23		157.34668719977398		12929.177287205428		-25278.28260474634		-12349.10531754091
825		8.24		157.3006376057454		12925.393392064101		-25284.58998629132		-12359.19659422722
826		8.25		155.87626227140981		12808.352470841744		-25523.18567117058		-12714.833200328836
827		8.26		153.3819023677549		12603.39091755842		-25939.355255481958		-13335.964337923539
828		8.27		150.34547109645163		12353.887359995431		-26443.39158283789		-14089.504222842457
829		8.28		147.28489672999132		12102.399964303388		-26952.225431947365		-14849.825467643977
830		8.29		144.7957592142409		11897.867534634173		-27369.555202057876		-15471.687667423703
831		8.3		148.60890510762866		12211.193732693846		-27606.44257931534		-15395.248846621493
832		8.31		148.8405720412085		12230.229804626104		-27571.47523260729		-15341.245427981185
833		8.32		150.87355709223692		12397.280186269109		-27232.082601002792		-14834.802414733684
834		8.33		154.12508657526058		12664.458363889162		-26685.775214900186		-14021.316851011024
835		8.34		157.40795829968945		12934.211933485483		-26132.94145257372		-13198.729519088236
836		8.35		159.401047765761		13097.984094912583		-25795.6882141465		-12697.704119233917
837		8.36		159.12353150491361		13075.180583758753		-25837.601447700305		-12762.420863941552
838		8.37		156.19852348900102		12834.832675091213		-26320.622224653536		-13485.789549562323
839		8.38		150.89818412097074		12399.303789220166		-27199.246477848894		-14799.942688628727
840		8.39		144.08173386119788		11839.19607137463		-28331.62364076964		-16492.42756939501
841		8.4		142.63057191903647		11719.954094587227		-29557.932753168327		-17837.9786585811
842		8.41		136.23652130318166		11194.554955482437		-30623.056910638912		-19428.501955156476
843		8.42		132.3178777743113		10872.56001671516		-31277.142305551097		-20404.582288835936
844		8.43		131.94165380759483		10841.645693370068		-31344.265847149887		-20502.62015377982
845		8.44		135.57386828906064		11140.104757312114		-30744.256044249		-19604.151286936885
846		8.45		142.78798116658834		11732.888412458564		-29543.71749686068		-17810.829084402118
847		8.46		152.10198298806958		12498.219942129677		-27992.236279703153		-15494.016337573476
848		8.47		161.48484114316722		13269.209396734052		-26433.372644065123		-13164.163247331071
849		8.48		169.1712297335714		13900.799947207563		-25161.115187418633		-11260.31524021107
850		8.49		174.10413137572374		14306.13647514322		-24348.826165344846		-10042.689690201627
851		8.5		152.45129273881594		12526.922724348506		-23948.158780728118		-11421.236056379612
852		8.51		153.62127259461928		12623.059969099868		-23758.756198438667		-11135.696229338799
853		8.52		153.73291952201527		12632.233997123994		-23742.371736526908		-11110.137739402913
854		8.53		152.98402444986866		12570.697289045707		-23867.25707687383		-11296.559787828122
855		8.54		151.60270224537354		12457.194043502343		-24098.3100379203		-11641.115994417956
856		8.55		150.01001196635283		12326.322683275213		-24366.696830909492		-12040.374147634278
857		8.56		148.82431591191565		12228.894038482109		-24567.77210367473		-12338.878065192623
858		8.57		148.60742597443854		12211.072192319616		-24605.640551117303		-12394.568358797687
859		8.58		149.55380314252767		12288.836004221499		-24446.622944213916		-12157.786939992417
860		8.59		151.3217206822383		12434.105788459521		-24146.4986064771		-11712.392818017579
861		8.6		151.72987377642295		12467.643728208674		-23847.29327437615		-11379.649546167475
862		8.61		152.16584565288412		12503.467537297487		-23759.1970260325		-11255.729488735013
863		8.62		150.02236322499024		12327.33758619745		-24102.48622722525		-11775.148641027801
864		8.63		144.85999023225185		11903.145397384134		-24960.201193483892		-13057.055796099758
865		8.64		137.90878985645284		11331.96526250473		-26130.891426237857		-14798.926163733127
866		8.65		131.9064100523344		10838.749714000318		-27144.974125086635		-16306.224411086318
867		8.66		129.34839183808882		10628.557357335758		-27566.266039230228		-16937.70868189447
868		8.67		130.4193330934505		10716.556600288828		-27363.21125959314		-16646.65465930431
869		8.68		132.91395379757049		10921.539583546368		-26924.852743507072		-16003.313159960704
870		8.69		134.31184104311666		11036.403978512895		-26686.965646856992		-15650.561668344097
871		8.7		148.64761409802543		12214.374450434749		-26923.574073641485		-14709.199623206736
872		8.71		144.77732743859877		11896.352995629662		-27583.402444823205		-15687.049449193542
873		8.72		140.39545181503115		11536.29427564111		-28324.98374080924		-16788.68946516813
874		8.73		137.41000767269117		11290.980330465034		-28829.422976427086		-17538.44264596205
875		8.74		136.99992748388092		11257.284041350496		-28899.57706649917		-17642.293025148672
876		8.75		139.2943331042455		11445.815351175854		-28514.123389077584		-17068.30803790173
877		8.76		143.42904934600844		11785.564984761513		-27821.61118045961		-16036.046195698098
878		8.77		148.1062223418541		12169.888289830153		-27042.983589532294		-14873.095299702141
879		8.78		152.25200438762363		12510.547200531035		-26357.20358545231		-13846.656384921274
880		8.79		155.29613985872385		12760.683812191339		-25856.554110579287		-13095.870298387948
881		8.8		151.94435136703882		12485.26735182958		-25538.47450808133		-13053.20715625175
882		8.81		153.10693968927916		12580.79723426807		-25349.55876154976		-12768.761527281691
883		8.82		153.6708263646036		12627.13180237948		-25259.08656280172		-12631.95476042224
884		8.83		153.83416863699972		12640.553636902267		-25233.668998597645		-12593.115361695378
885		8.84		153.74734209601962		12633.419100029932		-25248.906250822238		-12615.487150792305
886		8.85		153.53346880912576		12615.845132045864		-25285.646976805194		-12669.80184475933
887		8.86		153.3300185497402		12599.127624232153		-25319.553553687125		-12720.425929454972
888		8.87		153.14510779893078		12583.933507838143		-25345.85494691173		-12761.921439073589
889		8.88		152.6636315059055		12544.370600840255		-25418.435551198636		-12874.06495035838
890		8.89		151.47165488557175		12446.42588194743		-25613.341521492795		-13166.915639545365
891		8.9		148.24774831642964		12181.517479161022		-25909.460554677127		-13727.943075516105
892		8.91		146.79473704296234		12062.123542820216		-26158.47685408655		-14096.353311266335
893		8.92		146.61205749379238		12047.112764264919		-26191.26188201279		-14144.149117747871
894		8.93		148.0706328774255		12166.963903538053		-25945.609688428754		-13778.645784890701
895		8.94		150.7969116178909		12390.982227642096		-25489.20939149954		-13098.227163857442
896		8.95		154.115297855283		12663.654024768604		-24937.582925478055		-12273.92890070945
897		8.96		157.388019009572		12932.573522016532		-24393.09415003795		-11460.520628021417
898		8.97		159.86230111300645		13135.88528245574		-23974.960521200457		-10839.075238744717
899		8.98		160.4118319625549		13181.040232363137		-23870.85156834649		-10689.811335983353
900		8.99		157.83727821850692		12969.489151214715		-24288.1388154557		-11318.649664240984
901		9.0		144.32818590571574		11859.447035872663		-25229.864877389253		-13370.41784151659
902		9.01		136.75422843335005		11237.094950368373		-26497.099172289818		-15260.004221921445
903		9.02		129.36424091812302		10629.85967624217		-27733.73407135969		-17103.87439511752
904		9.03		124.13613747090292		10200.266415984093		-28597.060754957827		-18396.794338973734
905		9.04		121.55489203485405		9988.165478503957		-29007.494623176895		-19019.329144672938
906		9.05		120.64072963948749		9913.048754476687		-29146.770160749693		-19233.721406273005
907		9.06		120.4322580465184		9895.918643682417		-29183.635691494128		-19287.71704781171
908		9.07		120.8895364030261		9933.493206236655		-29115.359181351683		-19181.865975115026
909		9.08		122.34991337249302		10053.492381817752		-28875.855179661838		-18822.362797844085
910		9.09		124.73542146388485		10249.509581687418		-28478.529707683774		-18229.020125996358
911		9.1		152.05655047166343		12494.486752256584		-28140.365187315932		-15645.878435059349
912		9.11		152.48666400155193		12529.829181007522		-28082.4198422507		-15552.590661243177
913		9.12		152.40186142752182		12522.860953499468		-28114.80728328967		-15591.9463297902
914		9.13		153.32316635990324		12598.564579793248		-27969.127980653982		-15370.563400860734
915		9.14		155.71437251062375		12795.049989197953		-27561.68767572237		-14766.637686524416
916		9.15		158.4644767199885		13021.026052081455		-27092.941741788927		-14071.915689707472
917		9.16		160.17599952671597		13161.661881110253		-26809.885256860616		-13648.223375750364
918		9.17		160.54668739174707		13192.121302979856		-26759.424160276645		-13567.302857296789
919		9.18		160.30209776189722		13172.023373095095		-26809.337650634327		-13637.314277539232
920		9.19		160.19485829001462		13163.211505690502		-26827.20111817791		-13663.989612487407
921		9.2		150.40866165466372		12359.079728163717		-26751.862190939795		-14392.782462776078
922		9.21		151.0303808830091		12410.166397156856		-26641.113356424226		-14230.94695926737
923		9.22		151.17627026606883		12422.154127762875		-26615.91265305039		-14193.758525287514
924		9.23		150.77031945000502		12388.797149206914		-26689.08848067537		-14300.291331468457
925		9.24		150.4192047101924		12359.946051036508		-26755.37397883175		-14395.427927795243
926		9.25		150.95811203277168		12404.228065732848		-26671.379448261705		-14267.151382528857
927		9.26		152.8742754438091		12561.679213217794		-26353.128558522287		-13791.449345304492
928		9.27		155.91002470663878		12811.126730144508		-25842.76675204941		-13031.640021904903
929		9.28		159.07876677353448		13071.502265781328		-25309.230977237938		-12237.72871145661
930		9.29		161.21877477608433		13247.34672335085		-24950.282504554358		-11702.935781203507
931		9.3		150.72284880403114		12384.896486227239		-24828.43503166954		-12443.538545442303
932		9.31		150.15595774279348		12338.31504772534		-24920.757111698094		-12582.442063972754
933		9.32		148.25751682267142		12182.32015731891		-25235.967740136257		-13053.647582817346
934		9.33		145.41442736212892		11948.703496346134		-25712.232790103146		-13763.529293757012
935		9.34		142.522540003694		11711.077112103536		-26199.637392810833		-14488.560280707297
936		9.35		140.68102967489543		11559.760208386157		-26509.21297468555		-14949.452766299393
937		9.36		140.48055610538148		11543.287295179196		-26536.65688926421		-14993.369594085014
938		9.37		141.45240825053637		11623.144385946573		-26362.037475121277		-14738.893089174704
939		9.38		142.3614232848227		11697.838151313881		-26201.26516459902		-14503.427013285138
940		9.39		142.25674947420032		11689.23710429504		-26221.154829422627		-14531.917725127587
941		9.4		148.73966719033987		12221.938453030227		-26443.771945307028		-14221.8334922768
942		9.41		147.26680013816872		12100.912967353324		-26701.90074333679		-14600.987775983467
943		9.42		146.9342745170603		12073.589337066844		-26762.991953353318		-14689.402616286474
944		9.43		148.31646601807816		12187.164012705482		-26531.070775427674		-14343.906762722192
945		9.44		151.00749970665865		12408.286250896143		-26077.788205355922		-13669.50195445978
946		9.45		154.0093988886208		12654.952306677973		-25574.097747827454		-12919.145441149481
947		9.46		156.31077814910398		12844.056640511873		-25190.103024112108		-12346.046383600235
948		9.47		157.25220780155877		12921.413915054085		-25033.853797334516		-12112.43988228043
949		9.48		156.5703751444939		12865.387725623064		-25147.04243174822		-12281.654706125157
950		9.49		154.3210219924584		12680.55837712031		-25520.392385618725		-12839.834008498416
951		9.5		146.7528043017567		12058.677929475347		-26060.681816467342		-14002.003886991995
952		9.51		143.28852975396663		11774.018489883438		-26637.655321614177		-14863.636831730739
953		9.52		140.35228491866707		11532.747251766874		-27124.712841303535		-15591.965589536661
954		9.53		138.41518577383113		11373.575815035703		-27442.342245763928		-16068.766430728225
955		9.54		137.47725107109878		11296.505720512187		-27592.14963251023		-16295.643911998044
956		9.55		137.16550991019668		11270.889949320861		-27637.55274434333		-16366.66279502247
957		9.56		136.9313382475998		11251.648063805274		-27670.00544824116		-16418.357384435887
958		9.57		136.22390418606858		11193.518206969256		-27782.122495123764		-16588.604288154507
959		9.58		134.71057626348778		11069.168051570792		-28031.593191956086		-16962.425140385294
960		9.59		132.53854775390903		10890.692468938705		-28396.03118119904		-17505.338712260334
961		9.6		147.09041886194714		12086.419717886196		-28890.042449505047		-16803.622731618852
962		9.61		144.4219126735447		11867.148564385168		-29350.306538621793		-17483.157974236623
963		9.62		144.0194699075979		11834.07984230732		-29434.647462277335		-17600.567619970017
964		9.63		147.4793282079292		12118.376398845543		-28868.41123897581		-16750.034840130265
965		9.64		154.95046075016103		12732.279359840732		-27623.26544043434		-14890.98608059361
966		9.65		164.8675393489271		13547.16570830134		-25966.86935058265		-12419.703642281309
967		9.66		174.79701824250986		14363.070988987036		-24312.6891759028		-9949.618186915764
968		9.67		182.5834070426795		15002.878556696975		-23019.8721443296		-8016.993587632627
969		9.68		186.87620877672626		15355.618075183596		-22308.0508166241		-6952.432741440505
970		9.69		187.04567511390977		15369.543124109965		-22278.812978656195		-6909.26985454623
971		9.7		147.55300465683436		12124.43039265208		-22682.63616940931		-10558.20577675723
972		9.71		143.87604926719015		11822.294968285016		-23289.884030031346		-11467.58906174633
973		9.72		139.32608787189668		11448.42464043375		-24043.566651683646		-12595.142011249896
974		9.73		134.5397362788883		11055.130130036254		-24839.987271186772		-13784.857141150518
975		9.74		130.51624982426853		10724.520248060146		-25514.317331758823		-14789.797083698677
976		9.75		128.50866264109183		10559.556809218517		-25856.272756449587		-15296.71594723107
977		9.76		129.57035673420225		10646.7962128494		-25684.338415414095		-15037.542202564695
978		9.77		133.8031433093339		10994.604285727966		-24974.499407357554		-13979.895121629588
979		9.78		139.79482552686693		11486.940813542657		-23961.698787160753		-12474.757973618096
980		9.79		144.9609136061284		11911.438271015571		-23086.491507074436		-11175.053236058864
981		9.8		151.80142311098294		12473.52293702947		-22782.883049634576		-10309.360112605107
982		9.81		149.1767588722529		12257.85427653302		-23228.04140727147		-10970.18713073845
983		9.82		143.2594354433485		11771.627810379947		-24224.159060053003		-12452.531249673057
984		9.83		136.21282419949387		11192.60776447241		-25403.7492433418		-14211.141478869391
985		9.84		130.1675922159901		10695.871052387907		-26411.730340399896		-15715.859288011989
986		9.85		126.62940110300134		10405.13788863362		-26998.86072995494		-16593.72284132132
987		9.86		126.2003439333552		10369.882261003797		-27063.831707631223		-16693.949446627426
988		9.87		128.41697295231464		10552.022667491694		-26684.516618729176		-16132.493951237482
989		9.88		131.9851083980884		10845.216357070925		-26082.376107008422		-15237.159749937497
990		9.89		135.54040871285005		11137.35538393489		-25490.40675290555		-14353.05136897066
991		9.9		152.41625290533256		12524.043501231177		-25096.569638688645		-12572.526137457467
992		9.91		153.21149468245		12589.388518056916		-24975.285888155042		-12385.897370098126
993		9.92		153.24145047498655		12591.849985529645		-24975.248483652882		-12383.398498123237
994		9.93		153.0632054852963		12577.203594726798		-25002.256526105004		-12425.052931378206
995		9.94		152.68777779362628		12546.354701302273		-25061.919021177095		-12515.564319874822
996		9.95		152.0938960246108		12497.55543634227		-25163.571795353386		-12666.016359011115
997		9.96		151.6893504912157		12464.313929863194		-25237.869158017143		-12773.55522815395
998		9.97		152.12844707925197		12500.394496502135		-25169.285550909626		-12668.891054407492
999		9.98		153.6839589021997		12628.21090299375		-24908.326972627056		-12280.116069633306
1000		9.99		155.85281394628885		12806.425721966554		-24540.09428789837		-11733.668565931815
